eff rake ycup 3 -0.67016 -0.144833 -0.113307 114 89 -0.501659 -0.103918 -0.113307 171 152 -0.508429 -0.113703 -0.113307 167 148 -0.511109 -0.100912 -0.113307 170 149 -0.511109 -0.100912 -0.113307 170 149
eff rake ycup 3 -0.720817 -0.163893 -0.113307 109 80 -0.556645 -0.108045 -0.113307 172 155 -0.558744 -0.106075 -0.113307 171 154 -0.559213 -0.116399 -0.113307 167 152 -0.559213 -0.116399 -0.113307 167 152
eff rake ycup 3 -0.587168 -0.130838 -0.113307 114 105 -0.456901 -0.0784292 -0.113307 207 161 -0.44749 -0.0792439 -0.113307 206 163 -0.461846 -0.083417 -0.113307 205 159 -0.461846 -0.083417 -0.113307 205 159
eff rake ycup 3 -0.6348 -0.126673 -0.113307 118 94 -0.581274 -0.0419686 -0.113307 168 152 -0.556396 -0.0315463 -0.113307 170 153 -0.564874 -0.0301858 -0.113307 173 150 -0.564874 -0.0301858 -0.113307 173 150
eff rake ycup 3 -0.651332 -0.166633 -0.113307 106 90 -0.525779 -0.139069 -0.113307 174 155 -0.511431 -0.111827 -0.113307 177 151 -0.527084 -0.128222 -0.113307 167 148 -0.527084 -0.128222 -0.113307 167 148
eff rake ycup 3 -0.638097 -0.140127 -0.113307 113 94 -0.566674 -0.116908 -0.113307 119 122 -0.573171 -0.108176 -0.113307 122 121 -0.565218 -0.11934 -0.113307 118 123 -0.565218 -0.11934 -0.113307 118 123
eff rake ycup 3 -0.686855 -0.144968 -0.113307 114 83 -0.458846 -0.0934866 -0.113307 167 155 -0.464988 -0.0881018 -0.113307 170 153 -0.455247 -0.0936097 -0.113307 170 156 -0.455247 -0.0936097 -0.113307 170 156
eff rake ycup 3 -0.59332 -0.143608 -0.113307 109 104 -0.52301 -0.122983 -0.113307 117 142 -0.519943 -0.124263 -0.113307 117 142 -0.522209 -0.130669 -0.113307 116 141 -0.522209 -0.130669 -0.113307 116 141
eff rake ycup 3 -0.631443 -0.145477 -0.113307 111 95 -0.575366 -0.106321 -0.113307 169 151 -0.561511 -0.117583 -0.113307 162 151 -0.576127 -0.103777 -0.113307 188 147 -0.576127 -0.103777 -0.113307 188 147
eff rake ycup 3 -0.600183 -0.108707 -0.113307 125 100 -0.531662 -0.112576 -0.113307 152 147 -0.529799 -0.113128 -0.113307 154 149 -0.532136 -0.121137 -0.113307 174 148 -0.532136 -0.121137 -0.113307 174 148

