eff stick sphere 4 -0.494003 -0.138626 -0.113307 107 129 -0.702106 -0.193383 -0.113307 42 46 -0.719959 -0.206042 -0.113307 38 42 -0.695026 -0.196667 -0.113307 41 48 -0.695026 -0.196667 -0.113307 41 48
eff stick sphere 4 -0.542043 -0.141812 -0.113307 109 115 -0.65663 -0.148268 -0.113307 173 146 -0.647272 -0.108567 -0.113307 170 147 -0.643497 -0.107386 -0.113307 174 141 -0.643497 -0.107386 -0.113307 174 141
eff stick sphere 4 -0.549622 -0.158625 -0.113307 103 113 -0.596796 -0.149034 -0.113307 177 150 -0.667223 -0.194459 -0.113307 169 138 -0.654504 -0.188871 -0.113307 171 139 -0.654504 -0.188871 -0.113307 171 139
eff stick sphere 4 -0.559106 -0.135638 -0.113307 112 112 -0.645995 -0.150067 -0.113307 169 153 -0.656871 -0.144942 -0.113307 172 146 -0.654661 -0.145912 -0.113307 173 144 -0.654661 -0.145912 -0.113307 173 144
eff stick sphere 4 -0.534888 -0.139988 -0.113307 109 117 -0.636906 -0.0923195 -0.113307 169 141 -0.674035 -0.0839438 -0.113307 173 131 -0.641443 -0.0892398 -0.113307 168 142 -0.641443 -0.0892398 -0.113307 168 142
eff stick sphere 4 -0.510984 -0.125392 -0.113307 114 124 -0.656571 -0.138954 -0.113307 175 144 -0.667104 -0.167761 -0.113307 165 141 -0.660044 -0.16765 -0.113307 168 138 -0.660044 -0.16765 -0.113307 168 138
eff stick sphere 4 -0.576273 -0.121914 -0.113307 118 106 -0.632759 -0.122105 -0.113307 170 135 -0.615751 -0.131454 -0.113307 170 141 -0.625776 -0.131596 -0.113307 168 136 -0.625776 -0.131596 -0.113307 168 136
eff stick sphere 4 -0.521948 -0.128935 -0.113307 114 121 -0.621547 -0.0797517 -0.113307 171 148 -0.683002 -0.071765 -0.113307 189 142 -0.742827 -0.155435 -0.113307 149 123 -0.742827 -0.155435 -0.113307 149 123
eff stick sphere 4 -0.530118 -0.176523 -0.113307 95 120 -0.580519 -0.0974097 -0.113307 165 139 -0.571691 -0.094416 -0.113307 166 145 -0.573843 -0.0883627 -0.113307 170 140 -0.573843 -0.0883627 -0.113307 170 140
eff stick sphere 4 -0.577256 -0.11718 -0.113307 119 108 -0.632795 -0.114475 -0.113307 172 133 -0.752537 -0.194273 -0.113307 152 114 -0.617859 -0.127604 -0.113307 168 134 -0.617859 -0.127604 -0.113307 168 134

