eff stick ycup 3 -0.564648 -0.145131 -0.113307 146 121 -0.539942 -0.0778776 -0.113307 170 155 -0.533136 -0.0624127 -0.113307 173 151 -0.543318 -0.08624 -0.113307 162 151 -0.543318 -0.08624 -0.113307 162 151
eff stick ycup 3 -0.605621 -0.175274 -0.113307 100 100 -0.563042 -0.197799 -0.113307 168 156 -0.557846 -0.194429 -0.113307 164 155 -0.569231 -0.188861 -0.113307 166 151 -0.569231 -0.188861 -0.113307 166 151
eff stick ycup 3 -0.555458 -0.184288 -0.113307 93 112 -0.550122 -0.183643 -0.113307 166 154 -0.539269 -0.164397 -0.113307 177 157 -0.534498 -0.172129 -0.113307 169 154 -0.534498 -0.172129 -0.113307 169 154
eff stick ycup 3 -0.568711 -0.0500765 -0.113307 142 109 -0.5955 -0.0263518 -0.113307 149 120 -0.597916 -0.0318162 -0.113307 147 120 -0.596041 -0.0378841 -0.113307 146 120 -0.596041 -0.0378841 -0.113307 146 120
eff stick ycup 3 -0.604554 -0.0734586 -0.113307 136 103 -0.60602 -0.0877093 -0.113307 171 148 -0.622224 -0.0774534 -0.113307 172 147 -0.618149 -0.0872523 -0.113307 168 149 -0.618149 -0.0872523 -0.113307 168 149
eff stick ycup 3 -0.531244 -0.169059 -0.113307 99 120 -0.582213 -0.194493 -0.113307 172 148 -0.558362 -0.220601 -0.113307 162 149 -0.564955 -0.193191 -0.113307 174 149 -0.564955 -0.193191 -0.113307 174 149
eff stick ycup 3 -0.555531 -0.000940375 -0.113307 160 112 -0.540063 0.0121886 -0.113307 162 151 -0.554781 0.00277606 -0.113307 159 149 -0.539754 0.0373904 -0.113307 182 151 -0.539754 0.0373904 -0.113307 182 151
eff stick ycup 3 -0.618207 -0.0565104 -0.113307 141 98 -0.577767 -0.0899219 -0.113307 165 154 -0.584849 -0.0934369 -0.113307 164 152 -0.577473 -0.0939109 -0.113307 165 153 -0.577473 -0.0939109 -0.113307 165 153
eff stick ycup 3 -0.625266 0.0191959 -0.113307 165 97 -0.641563 0.0780356 -0.113307 172 153 -0.655806 0.0860316 -0.113307 174 154 -0.656242 0.0824627 -0.113307 172 158 -0.656242 0.0824627 -0.113307 172 158
eff stick ycup 3 -0.566293 -0.251937 -0.113307 70 108 -0.564002 -0.272259 -0.113307 159 149 -0.564811 -0.219249 -0.113307 177 151 -0.557669 -0.261373 -0.113307 158 150 -0.557669 -0.261373 -0.113307 158 150

