
eff stick apple 3 -0.564369 -0.0742117 -0.113307 134 110 -0.565372 -0.0715652 -0.113307 167 146 -0.55757 -0.0667056 -0.113307 166 148 -0.559019 -0.0715917 -0.113307 168 147 -0.559019 -0.0715917 -0.113307 168 147

eff stick pear 3 -0.560617 -0.050589 -0.113307 142 111 -0.573884 -0.0239636 -0.113307 170 144 -0.567012 -0.0685007 -0.113307 155 143 -0.562698 -0.055494 -0.113307 164 144 -0.562698 -0.055494 -0.113307 164 144

eff stick pear 4 -0.525267 -0.0652337 -0.113307 136 119 -0.607352 0.0136064 -0.113307 172 141 -0.613288 0.00920571 -0.113307 168 138 -0.603058 0.0140378 -0.113307 169 138 -0.603058 0.0140378 -0.113307 169 138

eff stick ycup 4 -0.515483 -0.410693 -0.113307 0 121 -0.635032 -0.0385836 -0.113307 168 143 -0.629996 -0.0339578 -0.113307 169 142 -0.628208 -0.0393733 -0.113307 169 143 -0.628208 -0.0393733 -0.113307 169 143

eff stick ocup 4 -0.553321 -0.0114284 -0.113307 157 114 -0.651016 -0.0431655 -0.113307 162 147 -0.677916 -0.0516461 -0.113307 165 151 -0.657933 -0.0422947 -0.113307 169 156 -0.657933 -0.0422947 -0.113307 169 156

eff rake apple 3 -0.594035 -0.0709065 -0.113307 136 104 -0.423612 -0.00799772 -0.113307 172 150 -0.423834 -0.0164248 -0.113307 167 150 -0.420954 -0.0183063 -0.113307 168 150 -0.420954 -0.0183063 -0.113307 168 150

eff rake cube 3 -0.598684 -0.0587788 -0.113307 140 102 -0.483282 -0.012201 -0.113307 173 151 -0.480318 -0.00846176 -0.113307 169 150 -0.463745 -0.0122062 -0.113307 170 151 -0.463745 -0.0122062 -0.113307 170 151

eff rake apple 4 -0.595386 -0.168331 -0.113307 103 104 -0.750124 -0.236601 -0.113307 182 139 -0.752287 -0.252841 -0.113307 169 145 -0.787607 -0.263011 -0.113307 167 142 -0.787607 -0.263011 -0.113307 167 142

eff rake ocup 4 -0.878117 -0.23533 -0.113307 94 54 -0.667541 -0.226252 -0.113307 167 146 -0.6555 -0.227492 -0.113307 168 144 -0.6905 -0.231891 -0.113307 169 146 -0.6905 -0.231891 -0.113307 169 146

eff rake ycup 4 -0.745745 -0.188702 -0.113307 102 74 -0.662065 -0.119874 -0.113307 173 148 -0.651237 -0.11901 -0.113307 170 152 -0.628454 -0.128653 -0.113307 168 153 -0.628454 -0.128653 -0.113307 168 153
