eff rake apple 4 -0.609792 -0.0138571 -0.113307 155 101 -0.702481 -0.160992 -0.113307 167 142 -0.729796 -0.147567 -0.113307 169 141 -0.701542 -0.142635 -0.113307 170 148 -0.701542 -0.142635 -0.113307 170 148
eff rake apple 4 -0.608051 -0.0195435 -0.113307 154 101 -0.77603 -0.00390533 -0.113307 169 139 -0.840765 -0.0668988 -0.113307 165 131 -0.82885 -0.0520174 -0.113307 172 133 -0.82885 -0.0520174 -0.113307 172 133
eff rake apple 4 -0.683371 -0.0393054 -0.113307 146 87 -0.842284 -0.1299 -0.113307 168 138 -0.80087 -0.125156 -0.113307 170 138 -0.806194 -0.133748 -0.113307 167 141 -0.806194 -0.133748 -0.113307 167 141
eff rake apple 4 -0.685863 -0.0300573 -0.113307 149 85 -0.761448 -0.143215 -0.113307 170 138 -0.78063 -0.141659 -0.113307 169 135 -0.724205 -0.136812 -0.113307 170 142 -0.724205 -0.136812 -0.113307 170 142
eff rake apple 4 -0.698728 0.0157238 -0.113307 163 83 -0.477749 -0.170635 -0.113307 176 171 -0.493056 -0.136084 -0.113307 178 157 -0.578831 -0.158278 -0.113307 165 146 -0.578831 -0.158278 -0.113307 165 146
eff rake apple 4 -0.53099 -0.0308753 -0.113307 150 118 -0.650477 -0.150378 -0.113307 167 149 -0.635158 -0.141038 -0.113307 168 149 -0.647948 -0.143419 -0.113307 167 145 -0.647948 -0.143419 -0.113307 167 145
eff rake apple 4 -0.618802 -0.0280502 -0.113307 151 98 -0.763971 -0.146388 -0.113307 169 141 -0.736208 -0.157615 -0.113307 166 145 -0.749332 -0.147783 -0.113307 171 138 -0.749332 -0.147783 -0.113307 171 138
eff rake apple 4 -0.67489 0.0245701 -0.113307 168 88 -0.77155 -0.139582 -0.113307 165 143 -0.743171 -0.12913 -0.113307 171 152 -0.72718 -0.119754 -0.113307 166 148 -0.72718 -0.119754 -0.113307 166 148
eff rake apple 4 -0.595386 -0.168331 -0.113307 103 104 -0.750124 -0.236601 -0.113307 182 139 -0.752287 -0.252841 -0.113307 169 145 -0.787607 -0.263011 -0.113307 167 142 -0.787607 -0.263011 -0.113307 167 142
eff rake apple 4 -0.731892 -0.00311409 -0.113307 156 77 -0.885481 -0.0892935 -0.113307 170 139 -0.885438 -0.102016 -0.113307 166 138 -0.892825 -0.090178 -0.113307 168 140 -0.892825 -0.090178 -0.113307 168 140
eff stick apple 4 -0.543284 -0.147825 -0.113307 108 116 -0.665205 -0.180895 -0.113307 167 144 -0.659547 -0.16979 -0.113307 169 143 -0.675866 -0.175485 -0.113307 169 141 -0.675866 -0.175485 -0.113307 169 141
eff stick apple 4 -0.522363 -0.086462 -0.113307 129 120 -0.624615 -0.102757 -0.113307 172 144 -0.619929 -0.105786 -0.113307 172 148 -0.59856 -0.0974143 -0.113307 172 148 -0.59856 -0.0974143 -0.113307 172 148
eff stick apple 4 -0.502525 -0.125369 -0.113307 112 126 -0.519761 -0.155561 -0.113307 174 147 -0.525058 -0.147049 -0.113307 173 145 -0.520662 -0.146118 -0.113307 169 147 -0.520662 -0.146118 -0.113307 169 147
eff stick apple 4 -0.561567 -0.107043 -0.113307 123 110 -0.663934 -0.0900634 -0.113307 174 150 -0.682454 -0.103414 -0.113307 168 142 -0.68764 -0.114687 -0.113307 168 142 -0.68764 -0.114687 -0.113307 168 142
eff stick apple 4 -0.553465 -0.0956909 -0.113307 126 113 -0.52861 -0.137932 -0.113307 171 145 -0.547946 -0.141044 -0.113307 171 144 -0.54597 -0.134495 -0.113307 171 148 -0.54597 -0.134495 -0.113307 171 148
eff stick apple 4 -0.462111 -0.147255 -0.113307 103 137 -0.604017 -0.129337 -0.113307 172 143 -0.612671 -0.136901 -0.113307 167 145 -0.620422 -0.142601 -0.113307 170 145 -0.620422 -0.142601 -0.113307 170 145
eff stick apple 4 -0.511442 -0.113848 -0.113307 118 124 -0.560691 -0.145902 -0.113307 169 146 -0.5581 -0.148582 -0.113307 169 147 -0.566287 -0.145186 -0.113307 169 143 -0.566287 -0.145186 -0.113307 169 143
eff stick apple 4 -0.536648 -0.0730023 -0.113307 136 116 -0.556941 -0.112084 -0.113307 168 147 -0.570584 -0.107859 -0.113307 172 141 -0.575873 -0.109323 -0.113307 169 149 -0.575873 -0.109323 -0.113307 169 149
eff stick apple 4 -0.561845 -0.0895685 -0.113307 130 110 -0.56169 -0.13459 -0.113307 167 147 -0.561782 -0.142999 -0.113307 164 145 -0.58229 -0.13823 -0.113307 170 146 -0.58229 -0.13823 -0.113307 170 146
eff stick apple 4 -0.513987 -0.0783609 -0.113307 132 122 -0.416537 -0.128886 -0.113307 172 141 -0.40574 -0.128014 -0.113307 170 145 -0.404403 -0.137701 -0.113307 164 148 -0.404403 -0.137701 -0.113307 164 148
eff rake cube 4 -0.576369 -0.0895292 -0.113307 129 108 -0.727946 -0.132222 -0.113307 169 139 -0.762278 -0.140853 -0.113307 169 135 -0.746531 -0.125554 -0.113307 170 141 -0.746531 -0.125554 -0.113307 170 141
eff rake cube 4 -0.586923 -0.0712806 -0.113307 135 105 -0.73138 -0.145047 -0.113307 170 140 -0.735938 -0.139715 -0.113307 172 140 -0.730931 -0.145492 -0.113307 171 138 -0.730931 -0.145492 -0.113307 171 138
eff rake cube 4 -0.57906 -0.11488 -0.113307 120 107 -0.712876 -0.148347 -0.113307 167 148 -0.722694 -0.146689 -0.113307 168 143 -0.739001 -0.13892 -0.113307 170 144 -0.739001 -0.13892 -0.113307 170 144
eff rake cube 4 -0.535391 -0.118019 -0.113307 117 116 -0.656846 -0.18545 -0.113307 169 140 -0.662189 -0.179462 -0.113307 172 142 -0.648931 -0.189253 -0.113307 168 140 -0.648931 -0.189253 -0.113307 168 140
eff rake cube 4 -0.60315 -0.173867 -0.113307 100 102 -0.724106 -0.216128 -0.113307 169 134 -0.745095 -0.211915 -0.113307 171 137 -0.722345 -0.212395 -0.113307 167 140 -0.722345 -0.212395 -0.113307 167 140
eff rake cube 4 -0.581433 -0.0926021 -0.113307 129 107 -0.693919 -0.171467 -0.113307 171 140 -0.691009 -0.15764 -0.113307 171 141 -0.687671 -0.176028 -0.113307 165 139 -0.687671 -0.176028 -0.113307 165 139
eff rake cube 4 -0.559391 -0.138578 -0.113307 111 110 -0.680069 -0.169099 -0.113307 171 136 -0.683523 -0.172058 -0.113307 166 140 -0.679063 -0.176514 -0.113307 166 144 -0.679063 -0.176514 -0.113307 166 144
eff rake cube 4 -0.58965 -0.090405 -0.113307 128 104 -0.748507 -0.139729 -0.113307 170 141 -0.747679 -0.143698 -0.113307 169 141 -0.747129 -0.141385 -0.113307 168 137 -0.747129 -0.141385 -0.113307 168 137
eff rake cube 4 -0.609053 -0.138001 -0.113307 113 100 -0.662122 -0.238522 -0.113307 171 143 -0.664473 -0.23443 -0.113307 170 144 -0.650527 -0.230819 -0.113307 170 150 -0.650527 -0.230819 -0.113307 170 150
eff rake cube 4 -0.617698 -0.0673223 -0.113307 137 98 -0.748151 -0.161532 -0.113307 165 131 -0.733262 -0.148749 -0.113307 169 139 -0.750636 -0.145018 -0.113307 171 134 -0.750636 -0.145018 -0.113307 171 134
eff stick cube 4 -0.609704 -0.112098 -0.113307 122 101 -0.649522 -0.139054 -0.113307 170 137 -0.657006 -0.1436 -0.113307 167 140 -0.645488 -0.134075 -0.113307 172 139 -0.645488 -0.134075 -0.113307 172 139
eff stick cube 4 -0.576305 -0.105645 -0.113307 124 108 -0.625264 -0.14952 -0.113307 169 139 -0.620188 -0.150241 -0.113307 169 142 -0.621461 -0.152804 -0.113307 168 145 -0.621461 -0.152804 -0.113307 168 145
eff stick cube 4 -0.595092 -0.1225 -0.113307 119 102 -0.663889 -0.151433 -0.113307 168 143 -0.634169 -0.139292 -0.113307 172 153 -0.653485 -0.138979 -0.113307 171 148 -0.653485 -0.138979 -0.113307 171 148
eff stick cube 4 -0.557208 -0.169059 -0.113307 99 114 -0.575708 -0.23252 -0.113307 168 149 -0.558431 -0.213141 -0.113307 173 150 -0.589624 -0.227951 -0.113307 171 143 -0.589624 -0.227951 -0.113307 171 143
eff stick cube 4 -0.552912 -0.177258 -0.113307 97 113 -0.538853 -0.229226 -0.113307 173 157 -0.557203 -0.227006 -0.113307 173 149 -0.547658 -0.216242 -0.113307 172 153 -0.547658 -0.216242 -0.113307 172 153
eff stick cube 4 -0.553241 -0.107162 -0.113307 122 114 -0.574417 -0.059187 -0.113307 171 149 -0.593887 -0.0550579 -0.113307 170 140 -0.575962 -0.0543931 -0.113307 174 149 -0.575962 -0.0543931 -0.113307 174 149
eff stick cube 4 -0.57692 -0.0832989 -0.113307 131 106 -0.663007 -0.136716 -0.113307 170 147 -0.673597 -0.132323 -0.113307 170 141 -0.702078 -0.141981 -0.113307 165 135 -0.702078 -0.141981 -0.113307 165 135
eff stick cube 4 -0.555733 -0.137874 -0.113307 110 112 -0.592874 -0.109419 -0.113307 176 151 -0.602022 -0.146867 -0.113307 170 142 -0.608433 -0.155308 -0.113307 168 142 -0.608433 -0.155308 -0.113307 168 142
eff stick cube 4 -0.521924 -0.120215 -0.113307 117 121 -0.56657 -0.172159 -0.113307 168 152 -0.556437 -0.163743 -0.113307 172 146 -0.559469 -0.167446 -0.113307 171 141 -0.559469 -0.167446 -0.113307 171 141
eff stick cube 4 -0.607065 -0.0515263 -0.113307 142 102 -0.665364 -0.127742 -0.113307 168 145 -0.660444 -0.12254 -0.113307 167 142 -0.669008 -0.126941 -0.113307 167 142 -0.669008 -0.126941 -0.113307 167 142
eff rake cylinder 4 -0.529969 -0.13105 -0.113307 112 118 -0.641443 -0.114386 -0.113307 170 152 -0.647295 -0.112761 -0.113307 167 150 -0.645436 -0.124265 -0.113307 163 148 -0.645436 -0.124265 -0.113307 163 148
eff rake cylinder 4 -0.654165 -0.118984 -0.113307 121 92 -0.881525 -0.0840117 -0.113307 180 130 -0.863046 -0.173929 -0.113307 160 135 -0.855059 -0.155605 -0.113307 169 137 -0.855059 -0.155605 -0.113307 169 137
eff rake cylinder 4 -0.650858 -0.132447 -0.113307 116 92 -0.672511 -0.0786206 -0.113307 161 147 -0.675955 -0.0751663 -0.113307 167 149 -0.657377 -0.0941516 -0.113307 173 154 -0.657377 -0.0941516 -0.113307 173 154
eff rake cylinder 4 -0.556617 -0.0985465 -0.113307 126 118 -0.667543 -0.22391 -0.113307 171 145 -0.642136 -0.222364 -0.113307 169 145 -0.651054 -0.213968 -0.113307 168 139 -0.651054 -0.213968 -0.113307 168 139
eff rake cylinder 4 -0.596799 -0.125641 -0.113307 117 104 -0.651527 -0.234427 -0.113307 170 148 -0.669328 -0.238224 -0.113307 170 141 -0.67216 -0.225673 -0.113307 171 141 -0.67216 -0.225673 -0.113307 171 141
eff rake cylinder 4 -0.670718 -0.116093 -0.113307 122 88 -0.893534 -0.136007 -0.113307 173 137 -0.884217 -0.131795 -0.113307 169 143 -0.86809 -0.135353 -0.113307 165 139 -0.86809 -0.135353 -0.113307 165 139
eff rake cylinder 4 -0.696769 -0.0904956 -0.113307 131 83 -0.767899 -0.0302773 -0.113307 169 141 -0.767706 -0.0254209 -0.113307 170 141 -0.770713 -0.0314707 -0.113307 169 140 -0.770713 -0.0314707 -0.113307 169 140
eff rake cylinder 4 -0.60903 -0.153303 -0.113307 110 99 -0.731408 -0.272024 -0.113307 168 138 -0.734136 -0.260158 -0.113307 171 138 -0.735403 -0.267744 -0.113307 171 138 -0.735403 -0.267744 -0.113307 171 138
eff rake cylinder 4 -0.738612 -0.293621 -0.113307 69 77 -0.819733 -0.0682739 -0.113307 171 138 -0.84623 -0.0506833 -0.113307 169 137 -0.867577 -0.139518 -0.113307 149 136 -0.867577 -0.139518 -0.113307 149 136
eff rake cylinder 4 -0.682921 -0.166735 -0.113307 107 85 -0.662952 -0.327546 -0.113307 169 145 -0.670219 -0.3337 -0.113307 169 141 -0.6666 -0.321881 -0.113307 174 140 -0.6666 -0.321881 -0.113307 174 140
eff stick cylinder 4 -0.470448 -0.107913 -0.113307 119 134 -0.5813 -0.174218 -0.113307 167 151 -0.585513 -0.182553 -0.113307 166 150 -0.576486 -0.172565 -0.113307 169 152 -0.576486 -0.172565 -0.113307 169 152
eff stick cylinder 4 -0.508176 -0.143367 -0.113307 107 125 -0.672444 -0.186181 -0.113307 169 135 -0.667151 -0.185816 -0.113307 169 139 -0.671068 -0.182429 -0.113307 169 143 -0.671068 -0.182429 -0.113307 169 143
eff stick cylinder 4 -0.528325 -0.128681 -0.113307 113 120 -0.601325 -0.171868 -0.113307 169 152 -0.601043 -0.16724 -0.113307 169 146 -0.62905 -0.178822 -0.113307 166 144 -0.62905 -0.178822 -0.113307 166 144
eff stick cylinder 4 -0.559675 -0.140975 -0.113307 110 111 -0.664753 -0.175683 -0.113307 171 142 -0.683091 -0.188183 -0.113307 167 141 -0.679586 -0.177597 -0.113307 169 142 -0.679586 -0.177597 -0.113307 169 142
eff stick cylinder 4 -0.550373 -0.140833 -0.113307 110 115 -0.644592 -0.056079 -0.113307 166 140 -0.619219 -0.048062 -0.113307 168 147 -0.627011 -0.0473035 -0.113307 170 146 -0.627011 -0.0473035 -0.113307 170 146
eff stick cylinder 4 -0.512923 -0.145116 -0.113307 107 125 -0.707603 -0.121912 -0.113307 182 146 -0.723386 -0.176663 -0.113307 150 134 -0.764033 -0.200589 -0.113307 168 141 -0.764033 -0.200589 -0.113307 168 141
eff stick cylinder 4 -0.52948 -0.164054 -0.113307 99 118 -0.580446 -0.221142 -0.113307 174 149 -0.583085 -0.223542 -0.113307 171 149 -0.58052 -0.231487 -0.113307 167 152 -0.58052 -0.231487 -0.113307 167 152
eff stick cylinder 4 -0.54498 -0.150452 -0.113307 107 117 -0.637187 -0.0703344 -0.113307 195 144 -0.633864 -0.123258 -0.113307 168 146 -0.62004 -0.13852 -0.113307 166 155 -0.62004 -0.13852 -0.113307 166 155
eff stick cylinder 4 -0.49919 -0.126928 -0.113307 111 127 -0.808783 -0.20426 -0.113307 136 101 -0.664739 -0.0792253 -0.113307 168 145 -0.739026 -0.102938 -0.113307 162 121 -0.739026 -0.102938 -0.113307 162 121
eff stick cylinder 4 -0.532515 -0.155477 -0.113307 103 118 -0.697788 -0.258901 -0.113307 53 41 -0.693322 -0.252241 -0.113307 56 37 -0.700363 -0.257343 -0.113307 55 34 -0.700363 -0.257343 -0.113307 55 34
eff rake ocup 4 -0.608827 -0.149533 -0.113307 111 101 -0.739166 -0.235786 -0.113307 167 134 -0.731165 -0.224142 -0.113307 171 140 -0.751055 -0.23439 -0.113307 168 141 -0.751055 -0.23439 -0.113307 168 141
eff rake ocup 4 -0.701536 -0.136598 -0.113307 115 82 -0.784528 -0.199019 -0.113307 28 12 -0.787797 -0.190821 -0.113307 32 11 -0.81929 -0.165043 -0.113307 43 4 -0.81929 -0.165043 -0.113307 43 4
eff rake ocup 4 -0.693248 -0.101328 -0.113307 127 84 -0.775679 -0.147284 -0.113307 174 144 -0.783101 -0.161995 -0.113307 173 147 -0.764585 -0.173234 -0.113307 168 147 -0.764585 -0.173234 -0.113307 168 147
eff rake ocup 4 -0.625312 -0.125365 -0.113307 118 96 -0.686582 -0.0394676 -0.113307 168 143 -0.697561 -0.0319323 -0.113307 173 152 -0.674328 -0.0216163 -0.113307 170 153 -0.674328 -0.0216163 -0.113307 170 153
eff rake ocup 4 -0.589297 -0.163739 -0.113307 104 105 -0.626642 -0.0695631 -0.113307 172 144 -0.665889 -0.0912718 -0.113307 162 148 -0.661141 -0.0728154 -0.113307 176 154 -0.661141 -0.0728154 -0.113307 176 154
eff rake ocup 4 -0.622321 -0.121257 -0.113307 122 96 -0.683715 -0.252526 -0.113307 171 142 -0.705425 -0.253105 -0.113307 169 142 -0.684049 -0.249509 -0.113307 168 146 -0.684049 -0.249509 -0.113307 168 146
eff rake ocup 4 -0.878117 -0.23533 -0.113307 94 54 -0.667541 -0.226252 -0.113307 167 146 -0.6555 -0.227492 -0.113307 168 144 -0.6905 -0.231891 -0.113307 169 146 -0.6905 -0.231891 -0.113307 169 146
eff rake ocup 4 -0.619869 -0.165679 -0.113307 104 99 -0.775875 -0.24644 -0.113307 164 135 -0.785279 -0.240594 -0.113307 161 138 -0.756454 -0.229856 -0.113307 169 143 -0.756454 -0.229856 -0.113307 169 143
eff rake ocup 4 -0.608569 -0.168238 -0.113307 102 100 -0.697104 -0.158248 -0.113307 180 144 -0.686873 -0.158481 -0.113307 167 144 -0.724971 -0.221128 -0.113307 169 140 -0.724971 -0.221128 -0.113307 169 140
eff rake ocup 4 -0.638094 -0.15924 -0.113307 107 92 -0.710703 -0.153103 -0.113307 169 148 -0.71231 -0.15586 -0.113307 170 145 -0.728702 -0.157444 -0.113307 168 145 -0.728702 -0.157444 -0.113307 168 145
eff stick ocup 4 -0.486739 -0.129143 -0.113307 111 131 -0.653994 -0.203188 -0.113307 40 54 -0.651359 -0.198774 -0.113307 42 55 -0.634035 -0.200839 -0.113307 41 60 -0.634035 -0.200839 -0.113307 41 60
eff stick ocup 4 -0.591574 -0.147939 -0.113307 109 103 -0.675323 -0.0791386 -0.113307 174 140 -0.671372 -0.0823959 -0.113307 167 141 -0.662565 -0.0791037 -0.113307 167 143 -0.662565 -0.0791037 -0.113307 167 143
eff stick ocup 4 -0.510523 -0.13616 -0.113307 109 122 -0.705855 -0.218615 -0.113307 165 138 -0.658379 -0.200347 -0.113307 169 151 -0.658013 -0.211118 -0.113307 164 138 -0.658013 -0.211118 -0.113307 164 138
eff stick ocup 4 -0.556813 -0.139598 -0.113307 110 111 -0.707966 -0.0782465 -0.113307 171 139 -0.724865 -0.0765354 -0.113307 174 132 -0.599251 -0.170511 -0.113307 154 147 -0.599251 -0.170511 -0.113307 154 147
eff stick ocup 4 -0.499685 -0.171613 -0.113307 96 124 -0.589809 -0.0794294 -0.113307 174 152 -0.62989 -0.0778288 -0.113307 171 142 -0.573967 -0.0865159 -0.113307 168 155 -0.573967 -0.0865159 -0.113307 168 155
eff stick ocup 4 -0.56786 -0.23885 -0.113307 75 111 -0.64396 -0.25439 -0.113307 167 145 -0.648968 -0.258413 -0.113307 167 144 -0.636417 -0.251028 -0.113307 167 150 -0.636417 -0.251028 -0.113307 167 150
eff stick ocup 4 -0.523806 -0.190069 -0.113307 89 118 -0.616955 -0.122621 -0.113307 170 151 -0.634936 -0.109961 -0.113307 173 144 -0.649026 -0.131293 -0.113307 164 145 -0.649026 -0.131293 -0.113307 164 145
eff stick ocup 4 -0.510712 -0.201913 -0.113307 84 124 -0.539957 -0.250352 -0.113307 12 93 -0.55314 -0.237136 -0.113307 20 88 -0.539734 -0.243659 -0.113307 16 93 -0.539734 -0.243659 -0.113307 16 93
eff stick ocup 4 -0.500453 -0.109924 -0.113307 119 127 -0.598158 -0.163977 -0.113307 170 147 -0.651003 -0.185121 -0.113307 165 139 -0.558592 -0.146335 -0.113307 176 168 -0.558592 -0.146335 -0.113307 176 168
eff stick ocup 4 -0.553321 -0.0114284 -0.113307 157 114 -0.651016 -0.0431655 -0.113307 162 147 -0.677916 -0.0516461 -0.113307 165 151 -0.657933 -0.0422947 -0.113307 169 156 -0.657933 -0.0422947 -0.113307 169 156
eff rake pear 4 -1.50567 0.145084 -0.113307 179 4 -0.480105 -0.110247 -0.113307 173 147 -0.468462 -0.103557 -0.113307 175 150 -0.485694 -0.113979 -0.113307 171 141 -0.485694 -0.113979 -0.113307 171 141
eff rake pear 4 -0.512983 -0.120232 -0.113307 116 123 -0.595169 -0.168702 -0.113307 168 138 -0.601609 -0.171432 -0.113307 167 138 -0.591888 -0.162552 -0.113307 170 139 -0.591888 -0.162552 -0.113307 170 139
eff rake pear 4 -0.608864 -0.0227346 -0.113307 152 100 -0.63405 -0.149148 -0.113307 176 142 -0.623254 -0.14429 -0.113307 177 149 -0.634 -0.17879 -0.113307 169 141 -0.634 -0.17879 -0.113307 169 141
eff rake pear 4 -0.593989 -0.177255 -0.113307 99 103 -0.606713 -0.281772 -0.113307 172 141 -0.591408 -0.273203 -0.113307 171 145 -0.621739 -0.279626 -0.113307 170 136 -0.621739 -0.279626 -0.113307 170 136
eff rake pear 4 -0.57266 -0.18784 -0.113307 93 109 -0.774257 -0.188932 -0.113307 65 47 -0.754251 -0.171314 -0.113307 71 51 -0.743715 -0.156285 -0.113307 76 53 -0.743715 -0.156285 -0.113307 76 53
eff rake pear 4 -0.539328 -0.177957 -0.113307 96 117 -0.63888 -0.263478 -0.113307 171 136 -0.626834 -0.251059 -0.113307 172 139 -0.620348 -0.255718 -0.113307 167 138 -0.620348 -0.255718 -0.113307 167 138
eff rake pear 4 -0.57549 -0.183409 -0.113307 96 106 -0.60793 -0.279331 -0.113307 170 136 -0.583452 -0.27216 -0.113307 170 142 -0.582836 -0.267449 -0.113307 173 143 -0.582836 -0.267449 -0.113307 173 143
eff rake pear 4 -0.596066 -0.0943917 -0.113307 128 105 -0.628652 -0.221891 -0.113307 170 143 -0.622779 -0.228541 -0.113307 167 143 -0.627781 -0.225835 -0.113307 170 141 -0.627781 -0.225835 -0.113307 170 141
eff rake pear 4 -0.584273 -0.00981733 -0.113307 157 106 -0.753316 -0.068795 -0.113307 169 135 -0.733246 -0.0464634 -0.113307 172 140 -0.740844 -0.056055 -0.113307 170 137 -0.740844 -0.056055 -0.113307 170 137
eff rake pear 4 -0.6162 -0.201547 -0.113307 92 97 -0.766845 -0.33571 -0.113307 171 131 -0.727689 -0.318999 -0.113307 169 140 -0.70535 -0.315241 -0.113307 167 142 -0.70535 -0.315241 -0.113307 167 142
eff stick pear 4 -0.543302 -0.110659 -0.113307 120 115 -0.54512 -0.129909 -0.113307 172 148 -0.547026 -0.136328 -0.113307 170 142 -0.546921 -0.134983 -0.113307 172 144 -0.546921 -0.134983 -0.113307 172 144
eff stick pear 4 -0.567594 -0.129002 -0.113307 114 110 -0.576946 -0.162216 -0.113307 168 145 -0.593504 -0.160933 -0.113307 169 141 -0.591763 -0.158016 -0.113307 172 140 -0.591763 -0.158016 -0.113307 172 140
eff stick pear 4 -0.600309 -0.141076 -0.113307 111 100 -0.66425 -0.194902 -0.113307 167 136 -0.654981 -0.194191 -0.113307 169 140 -0.647905 -0.190441 -0.113307 167 142 -0.647905 -0.190441 -0.113307 167 142
eff stick pear 4 -0.569545 -0.165147 -0.113307 102 108 -0.629447 -0.19876 -0.113307 169 142 -0.641818 -0.196435 -0.113307 171 135 -0.640311 -0.190822 -0.113307 172 138 -0.640311 -0.190822 -0.113307 172 138
eff stick pear 4 -0.583154 -0.146117 -0.113307 108 106 -0.661942 -0.218834 -0.113307 170 144 -0.676033 -0.22307 -0.113307 168 142 -0.653141 -0.215122 -0.113307 168 147 -0.653141 -0.215122 -0.113307 168 147
eff stick pear 4 -0.546733 -0.139605 -0.113307 110 116 -0.561413 -0.183235 -0.113307 169 147 -0.542117 -0.176455 -0.113307 168 146 -0.554688 -0.180248 -0.113307 166 141 -0.554688 -0.180248 -0.113307 166 141
eff stick pear 4 -0.560954 -0.221948 -0.113307 81 111 -0.59793 -0.272354 -0.113307 168 148 -0.590704 -0.265591 -0.113307 167 148 -0.589788 -0.26923 -0.113307 168 147 -0.589788 -0.26923 -0.113307 168 147
eff stick pear 4 -0.571768 -0.203465 -0.113307 88 107 -0.608004 -0.270417 -0.113307 169 145 -0.609764 -0.277081 -0.113307 169 147 -0.603149 -0.273668 -0.113307 167 146 -0.603149 -0.273668 -0.113307 167 146
eff stick pear 4 -0.514859 -0.178316 -0.113307 94 120 -0.625423 -0.150113 -0.113307 167 139 -0.612801 -0.139915 -0.113307 171 142 -0.614705 -0.150725 -0.113307 167 141 -0.614705 -0.150725 -0.113307 167 141
eff stick pear 4 -0.568788 -0.161873 -0.113307 104 110 -0.66344 -0.167901 -0.113307 167 140 -0.674692 -0.181423 -0.113307 167 137 -0.659659 -0.166974 -0.113307 171 138 -0.659659 -0.166974 -0.113307 171 138
eff rake sphere 4 -0.62413 -0.172162 -0.113307 103 96 -0.692323 -0.109799 -0.113307 101 61 -0.668258 -0.114873 -0.113307 99 66 -0.665403 -0.109306 -0.113307 101 67 -0.665403 -0.109306 -0.113307 101 67
eff rake sphere 4 -0.570887 0.0433778 -0.113307 175 109 -0.753964 -0.120277 -0.113307 171 143 -0.733621 -0.141748 -0.113307 160 146 -0.72378 -0.125702 -0.113307 174 144 -0.72378 -0.125702 -0.113307 174 144
eff rake sphere 4 -0.623015 -0.136393 -0.113307 114 97 -0.765704 -0.137895 -0.113307 156 136 -0.752905 -0.126812 -0.113307 169 144 -0.724563 -0.0986357 -0.113307 182 149 -0.724563 -0.0986357 -0.113307 182 149
eff rake sphere 4 -0.554955 -0.128535 -0.113307 114 113 -0.760451 -0.0723524 -0.113307 167 141 -0.767963 -0.0697878 -0.113307 169 141 -0.763143 -0.0705732 -0.113307 168 142 -0.763143 -0.0705732 -0.113307 168 142
eff rake sphere 4 -0.55267 -0.161999 -0.113307 103 111 -0.775111 -0.0962094 -0.113307 171 139 -0.797218 -0.0980153 -0.113307 168 136 -0.798944 -0.0917058 -0.113307 170 138 -0.798944 -0.0917058 -0.113307 170 138
eff rake sphere 4 -0.614222 -0.145353 -0.113307 111 98 -0.663552 -0.109931 -0.113307 171 152 -0.641104 -0.0996334 -0.113307 172 149 -0.63152 -0.0983007 -0.113307 170 149 -0.63152 -0.0983007 -0.113307 170 149
eff rake sphere 4 -0.587344 -0.128016 -0.113307 115 106 -0.850962 -0.173211 -0.113307 171 133 -0.849224 -0.166853 -0.113307 170 135 -0.826072 -0.169321 -0.113307 167 140 -0.826072 -0.169321 -0.113307 167 140
eff rake sphere 4 -0.620682 -0.0767251 -0.113307 134 97 -0.685213 -0.184027 -0.113307 172 137 -0.687618 -0.189743 -0.113307 168 140 -0.694963 -0.185424 -0.113307 169 144 -0.694963 -0.185424 -0.113307 169 144
eff rake sphere 4 -0.646839 -0.16023 -0.113307 106 91 -0.739942 -0.0678605 -0.113307 172 139 -0.690931 -0.0799523 -0.113307 165 152 -0.744937 -0.0791605 -0.113307 166 139 -0.744937 -0.0791605 -0.113307 166 139
eff rake sphere 4 -0.582094 -0.17967 -0.113307 97 107 -0.649448 -0.217698 -0.113307 146 161 -0.687281 -0.247551 -0.113307 159 167 -0.66562 -0.0600396 -0.113307 203 163 -0.66562 -0.0600396 -0.113307 203 163
eff stick sphere 4 -0.494003 -0.138626 -0.113307 107 129 -0.702106 -0.193383 -0.113307 42 46 -0.719959 -0.206042 -0.113307 38 42 -0.695026 -0.196667 -0.113307 41 48 -0.695026 -0.196667 -0.113307 41 48
eff stick sphere 4 -0.542043 -0.141812 -0.113307 109 115 -0.65663 -0.148268 -0.113307 173 146 -0.647272 -0.108567 -0.113307 170 147 -0.643497 -0.107386 -0.113307 174 141 -0.643497 -0.107386 -0.113307 174 141
eff stick sphere 4 -0.549622 -0.158625 -0.113307 103 113 -0.596796 -0.149034 -0.113307 177 150 -0.667223 -0.194459 -0.113307 169 138 -0.654504 -0.188871 -0.113307 171 139 -0.654504 -0.188871 -0.113307 171 139
eff stick sphere 4 -0.559106 -0.135638 -0.113307 112 112 -0.645995 -0.150067 -0.113307 169 153 -0.656871 -0.144942 -0.113307 172 146 -0.654661 -0.145912 -0.113307 173 144 -0.654661 -0.145912 -0.113307 173 144
eff stick sphere 4 -0.534888 -0.139988 -0.113307 109 117 -0.636906 -0.0923195 -0.113307 169 141 -0.674035 -0.0839438 -0.113307 173 131 -0.641443 -0.0892398 -0.113307 168 142 -0.641443 -0.0892398 -0.113307 168 142
eff stick sphere 4 -0.510984 -0.125392 -0.113307 114 124 -0.656571 -0.138954 -0.113307 175 144 -0.667104 -0.167761 -0.113307 165 141 -0.660044 -0.16765 -0.113307 168 138 -0.660044 -0.16765 -0.113307 168 138
eff stick sphere 4 -0.576273 -0.121914 -0.113307 118 106 -0.632759 -0.122105 -0.113307 170 135 -0.615751 -0.131454 -0.113307 170 141 -0.625776 -0.131596 -0.113307 168 136 -0.625776 -0.131596 -0.113307 168 136
eff stick sphere 4 -0.521948 -0.128935 -0.113307 114 121 -0.621547 -0.0797517 -0.113307 171 148 -0.683002 -0.071765 -0.113307 189 142 -0.742827 -0.155435 -0.113307 149 123 -0.742827 -0.155435 -0.113307 149 123
eff stick sphere 4 -0.530118 -0.176523 -0.113307 95 120 -0.580519 -0.0974097 -0.113307 165 139 -0.571691 -0.094416 -0.113307 166 145 -0.573843 -0.0883627 -0.113307 170 140 -0.573843 -0.0883627 -0.113307 170 140
eff stick sphere 4 -0.577256 -0.11718 -0.113307 119 108 -0.632795 -0.114475 -0.113307 172 133 -0.752537 -0.194273 -0.113307 152 114 -0.617859 -0.127604 -0.113307 168 134 -0.617859 -0.127604 -0.113307 168 134
eff rake ycup 4 -0.585759 -0.143678 -0.113307 110 106 -0.766262 -0.177678 -0.113307 174 140 -0.739933 -0.189125 -0.113307 169 139 -0.728908 -0.177217 -0.113307 172 137 -0.728908 -0.177217 -0.113307 172 137
eff rake ycup 4 -0.58803 -0.0957195 -0.113307 127 106 -0.69398 -0.0127839 -0.113307 168 141 -0.682526 -0.0175168 -0.113307 166 146 -0.712461 -0.0316233 -0.113307 163 142 -0.712461 -0.0316233 -0.113307 163 142
eff rake ycup 4 -0.706855 -0.0458054 -0.113307 144 81 -0.875261 -0.0378728 -0.113307 167 146 -0.880497 -0.0368968 -0.113307 170 146 -0.913182 -0.0294502 -0.113307 172 144 -0.913182 -0.0294502 -0.113307 172 144
eff rake ycup 4 -0.601505 -0.152239 -0.113307 108 101 -0.666606 -0.22701 -0.113307 152 143 -0.731513 -0.2371 -0.113307 174 146 -0.622484 -0.192071 -0.113307 173 159 -0.622484 -0.192071 -0.113307 173 159
eff rake ycup 4 -0.610504 -0.162351 -0.113307 105 99 -0.705594 -0.140426 -0.113307 170 145 -0.731774 -0.135092 -0.113307 172 143 -0.722621 -0.153309 -0.113307 170 148 -0.722621 -0.153309 -0.113307 170 148
eff rake ycup 4 -0.628353 -0.151422 -0.113307 109 97 -0.796743 -0.171819 -0.113307 168 142 -0.759543 -0.172462 -0.113307 166 148 -0.764549 -0.168482 -0.113307 168 148 -0.764549 -0.168482 -0.113307 168 148
eff rake ycup 4 -0.624037 -0.13899 -0.113307 114 95 -0.666645 -0.26815 -0.113307 168 148 -0.664508 -0.258638 -0.113307 170 145 -0.676695 -0.258876 -0.113307 170 142 -0.676695 -0.258876 -0.113307 170 142
eff rake ycup 4 -0.617834 -0.129589 -0.113307 116 99 -0.745458 -0.0605885 -0.113307 171 145 -0.729759 -0.0686518 -0.113307 169 146 -0.735408 -0.0632165 -0.113307 167 144 -0.735408 -0.0632165 -0.113307 167 144
eff rake ycup 4 -0.628454 -0.188702 -0.113307 102 74 -0.662065 -0.119874 -0.113307 173 148 -0.651237 -0.11901 -0.113307 170 152 -0.628454 -0.128653 -0.113307 168 153 -0.745745 -0.128653 -0.113307 168 153
eff rake ycup 4 -0.680789 -0.181013 -0.113307 102 86 -0.806638 -0.122821 -0.113307 170 147 -0.774603 -0.121252 -0.113307 171 148 -0.776023 -0.12856 -0.113307 168 147 -0.776023 -0.12856 -0.113307 168 147
eff stick ycup 4 -0.510851 -0.145742 -0.113307 106 123 -0.578937 -0.076185 -0.113307 175 154 -0.571959 -0.0847949 -0.113307 169 156 -0.588901 -0.0734387 -0.113307 172 155 -0.588901 -0.0734387 -0.113307 172 155
eff stick ycup 4 -0.561168 -0.153257 -0.113307 105 110 -0.666909 -0.191698 -0.113307 167 138 -0.664518 -0.196775 -0.113307 168 146 -0.652637 -0.183661 -0.113307 168 140 -0.652637 -0.183661 -0.113307 168 140
eff stick ycup 4 -0.61838 -0.150387 -0.113307 110 97 -0.727197 -0.194277 -0.113307 163 141 -0.733137 -0.182339 -0.113307 169 142 -0.732614 -0.175251 -0.113307 169 148 -0.732614 -0.175251 -0.113307 169 148
eff stick ycup 4 -0.616458 -0.145915 -0.113307 111 98 -0.689327 -0.158448 -0.113307 169 147 -0.683256 -0.156416 -0.113307 168 147 -0.691695 -0.184191 -0.113307 165 139 -0.691695 -0.184191 -0.113307 165 139
eff stick ycup 4 -0.570966 -0.134178 -0.113307 113 108 -0.641211 -0.180043 -0.113307 169 144 -0.64644 -0.176245 -0.113307 169 138 -0.655743 -0.19045 -0.113307 167 152 -0.655743 -0.19045 -0.113307 167 152
eff stick ycup 4 -0.515483 -0.410693 -0.113307 0 121 -0.635032 -0.0385836 -0.113307 168 143 -0.629996 -0.0339578 -0.113307 169 142 -0.628208 -0.0393733 -0.113307 169 143 -0.628208 -0.0393733 -0.113307 169 143
eff stick ycup 4 -0.653438 -0.169291 -0.113307 104 90 -0.611072 -0.229904 -0.113307 172 147 -0.584588 -0.186786 -0.113307 177 149 -0.607588 -0.188495 -0.113307 170 152 -0.607588 -0.188495 -0.113307 170 152
eff stick ycup 4 -0.572513 -0.130289 -0.113307 114 110 -0.624414 -0.09546 -0.113307 179 151 -0.608491 -0.134608 -0.113307 164 152 -0.608411 -0.116742 -0.113307 171 153 -0.608411 -0.116742 -0.113307 171 153
eff stick ycup 4 -0.543773 -0.165791 -0.113307 99 115 -0.491453 -0.0914699 -0.113307 160 165 -0.515544 -0.0973907 -0.113307 162 151 -0.528839 -0.103485 -0.113307 165 149 -0.528839 -0.103485 -0.113307 165 149
eff stick ycup 4 -0.502953 -0.126025 -0.113307 112 126 -0.607988 -0.191442 -0.113307 42 74 -0.603618 -0.189275 -0.113307 44 76 -0.603618 -0.189275 -0.113307 44 76 -0.603618 -0.189275 -0.113307 44 76
