eff stick pear 4 -0.543302 -0.110659 -0.113307 120 115 -0.54512 -0.129909 -0.113307 172 148 -0.547026 -0.136328 -0.113307 170 142 -0.546921 -0.134983 -0.113307 172 144 -0.546921 -0.134983 -0.113307 172 144
eff stick pear 4 -0.567594 -0.129002 -0.113307 114 110 -0.576946 -0.162216 -0.113307 168 145 -0.593504 -0.160933 -0.113307 169 141 -0.591763 -0.158016 -0.113307 172 140 -0.591763 -0.158016 -0.113307 172 140
eff stick pear 4 -0.600309 -0.141076 -0.113307 111 100 -0.66425 -0.194902 -0.113307 167 136 -0.654981 -0.194191 -0.113307 169 140 -0.647905 -0.190441 -0.113307 167 142 -0.647905 -0.190441 -0.113307 167 142
eff stick pear 4 -0.569545 -0.165147 -0.113307 102 108 -0.629447 -0.19876 -0.113307 169 142 -0.641818 -0.196435 -0.113307 171 135 -0.640311 -0.190822 -0.113307 172 138 -0.640311 -0.190822 -0.113307 172 138
eff stick pear 4 -0.583154 -0.146117 -0.113307 108 106 -0.661942 -0.218834 -0.113307 170 144 -0.676033 -0.22307 -0.113307 168 142 -0.653141 -0.215122 -0.113307 168 147 -0.653141 -0.215122 -0.113307 168 147
eff stick pear 4 -0.546733 -0.139605 -0.113307 110 116 -0.561413 -0.183235 -0.113307 169 147 -0.542117 -0.176455 -0.113307 168 146 -0.554688 -0.180248 -0.113307 166 141 -0.554688 -0.180248 -0.113307 166 141
eff stick pear 4 -0.560954 -0.221948 -0.113307 81 111 -0.59793 -0.272354 -0.113307 168 148 -0.590704 -0.265591 -0.113307 167 148 -0.589788 -0.26923 -0.113307 168 147 -0.589788 -0.26923 -0.113307 168 147
eff stick pear 4 -0.571768 -0.203465 -0.113307 88 107 -0.608004 -0.270417 -0.113307 169 145 -0.609764 -0.277081 -0.113307 169 147 -0.603149 -0.273668 -0.113307 167 146 -0.603149 -0.273668 -0.113307 167 146
eff stick pear 4 -0.514859 -0.178316 -0.113307 94 120 -0.625423 -0.150113 -0.113307 167 139 -0.612801 -0.139915 -0.113307 171 142 -0.614705 -0.150725 -0.113307 167 141 -0.614705 -0.150725 -0.113307 167 141
eff stick pear 4 -0.568788 -0.161873 -0.113307 104 110 -0.66344 -0.167901 -0.113307 167 140 -0.674692 -0.181423 -0.113307 167 137 -0.659659 -0.166974 -0.113307 171 138 -0.659659 -0.166974 -0.113307 171 138

