eff stick sphere 3 -0.60487 -0.184113 -0.113307 97 100 -0.586354 -0.075479 -0.113307 178 143 -0.584711 -0.084125 -0.113307 173 146 -0.589688 -0.0870692 -0.113307 167 145 -0.589688 -0.0870692 -0.113307 167 145
eff stick sphere 3 -0.574316 -0.192833 -0.113307 92 109 -0.484523 -0.142831 -0.113307 181 149 -0.50918 -0.177568 -0.113307 166 145 -0.492763 -0.176679 -0.113307 168 155 -0.492763 -0.176679 -0.113307 168 155
eff stick sphere 3 -0.540178 0.00726022 -0.113307 163 116 -0.600825 0.0809838 -0.113307 172 146 -0.597625 0.0827774 -0.113307 174 145 -0.591993 0.0662489 -0.113307 169 148 -0.591993 0.0662489 -0.113307 169 148
eff stick sphere 3 -0.750079 0.0132911 -0.113307 160 74 -0.721782 -0.0245634 -0.113307 163 156 -0.706897 0.00683319 -0.113307 169 143 -0.724284 -0.00379948 -0.113307 165 143 -0.724284 -0.00379948 -0.113307 165 143
eff stick sphere 3 -0.507038 -0.208078 -0.113307 81 124 -0.469313 -0.169472 -0.113307 179 151 -0.448331 -0.18115 -0.113307 169 157 -0.453323 -0.19361 -0.113307 165 154 -0.453323 -0.19361 -0.113307 165 154
eff stick sphere 3 -0.539186 -0.0843011 -0.113307 130 117 -0.546952 -0.0969448 -0.113307 160 156 -0.515966 -0.0373849 -0.113307 178 156 -0.515081 -0.0480376 -0.113307 167 154 -0.515081 -0.0480376 -0.113307 167 154
eff stick sphere 3 -0.551903 -0.192096 -0.113307 91 112 -0.509721 -0.165626 -0.113307 182 156 -0.518299 -0.117719 -0.113307 192 148 -0.543974 -0.139008 -0.113307 175 152 -0.543974 -0.139008 -0.113307 175 152
eff stick sphere 3 -0.57162 0.136261 -0.113307 206 108 -0.628784 0.181944 -0.113307 210 56 -0.629756 0.191745 -0.113307 211 55 -0.631899 0.177927 -0.113307 207 55 -0.631899 0.177927 -0.113307 207 55
eff stick sphere 3 -0.645957 0.0623234 -0.113307 178 93 -0.543476 0.102719 -0.113307 177 150 -0.549939 0.0829383 -0.113307 164 150 -0.529283 0.0670709 -0.113307 177 151 -0.529283 0.0670709 -0.113307 177 151
eff stick sphere 3 -0.469171 -0.0936044 -0.113307 125 135 -0.469741 -0.174675 -0.113307 153 160 -0.452251 -0.193754 -0.113307 160 161 -0.455626 -0.167345 -0.113307 182 155 -0.455626 -0.167345 -0.113307 182 155
