eff rake shpere 3 -0.751835 -0.106649 -0.113307 127 73 -0.523259 -0.0559298 -0.113307 177 183 -0.509156 -0.0602173 -0.113307 173 188 -0.518599 -0.0498849 -0.113307 177 180 -0.518599 -0.0498849 -0.113307 177 180
eff rake shpere 3 -0.623331 -0.11296 -0.113307 121 97 -0.510281 -0.103379 -0.113307 120 136 -0.514627 -0.104799 -0.113307 118 135 -0.505012 -0.100324 -0.113307 122 135 -0.505012 -0.100324 -0.113307 122 135
eff rake shpere 3 -0.576825 -0.0788337 -0.113307 133 107 -0.453079 -0.0231045 -0.113307 165 173 -0.448938 -0.00540401 -0.113307 165 174 -0.446732 -0.0150309 -0.113307 162 175 -0.446732 -0.0150309 -0.113307 162 175
eff rake shpere 3 -0.762173 -0.126891 -0.113307 120 72 -0.609402 -0.108733 -0.113307 167 154 -0.615279 -0.123998 -0.113307 168 152 -0.614053 -0.0973505 -0.113307 175 150 -0.614053 -0.0973505 -0.113307 175 150
eff rake shpere 3 -0.660828 -0.116901 -0.113307 121 90 -0.453958 -0.10463 -0.113307 126 199 -0.521502 0.0840095 -0.113307 169 189 -0.583194 0.0611143 -0.113307 223 162 -0.583194 0.0611143 -0.113307 223 162
eff rake shpere 3 -0.581024 -0.121604 -0.113307 117 106 -0.446826 -0.0702602 -0.113307 168 168 -0.454622 -0.0625446 -0.113307 170 166 -0.450886 -0.0603101 -0.113307 170 167 -0.450886 -0.0603101 -0.113307 170 167
eff rake shpere 3 -0.744308 -0.0912138 -0.113307 131 75 -0.517539 -0.262853 -0.113307 135 220 -0.77986 -0.36021 -0.113307 92 167 -0.619609 -0.192167 -0.113307 91 161 -0.619609 -0.192167 -0.113307 91 161
eff rake sphere 3 -0.607516 -0.0943363 -0.113307 128 101 -0.539069 -0.011022 -0.113307 164 146 -0.542539 0.000200281 -0.113307 172 148 -0.540935 -0.00733835 -0.113307 169 148 -0.540935 -0.00733835 -0.113307 169 148
eff rake sphere 3 -0.726732 -0.189604 -0.113307 101 79 -0.465498 -0.0957272 -0.113307 171 171 -0.473621 -0.0736462 -0.113307 166 163 -0.521686 -0.141027 -0.113307 135 154 -0.521686 -0.141027 -0.113307 135 154
eff rake shpere 3 -0.614285 -0.213524 -0.113307 87 100 -0.528443 -0.0657466 -0.113307 170 149 -0.521262 -0.0743672 -0.113307 171 148 -0.524188 -0.0626588 -0.113307 174 149 -0.524188 -0.0626588 -0.113307 174 149
eff rake shpere 3 -0.684196 -0.107602 -0.113307 125 85 -0.567117 -0.0677439 -0.113307 174 152 -0.582034 -0.0843066 -0.113307 166 146 -0.588141 -0.103113 -0.113307 169 148 -0.588141 -0.103113 -0.113307 169 148
