eff rake ocup 4 -0.608827 -0.149533 -0.113307 111 101 -0.739166 -0.235786 -0.113307 167 134 -0.731165 -0.224142 -0.113307 171 140 -0.751055 -0.23439 -0.113307 168 141 -0.751055 -0.23439 -0.113307 168 141
eff rake ocup 4 -0.701536 -0.136598 -0.113307 115 82 -0.784528 -0.199019 -0.113307 28 12 -0.787797 -0.190821 -0.113307 32 11 -0.81929 -0.165043 -0.113307 43 4 -0.81929 -0.165043 -0.113307 43 4
eff rake ocup 4 -0.693248 -0.101328 -0.113307 127 84 -0.775679 -0.147284 -0.113307 174 144 -0.783101 -0.161995 -0.113307 173 147 -0.764585 -0.173234 -0.113307 168 147 -0.764585 -0.173234 -0.113307 168 147
eff rake ocup 4 -0.625312 -0.125365 -0.113307 118 96 -0.686582 -0.0394676 -0.113307 168 143 -0.697561 -0.0319323 -0.113307 173 152 -0.674328 -0.0216163 -0.113307 170 153 -0.674328 -0.0216163 -0.113307 170 153
eff rake ocup 4 -0.589297 -0.163739 -0.113307 104 105 -0.626642 -0.0695631 -0.113307 172 144 -0.665889 -0.0912718 -0.113307 162 148 -0.661141 -0.0728154 -0.113307 176 154 -0.661141 -0.0728154 -0.113307 176 154
eff rake ocup 4 -0.622321 -0.121257 -0.113307 122 96 -0.683715 -0.252526 -0.113307 171 142 -0.705425 -0.253105 -0.113307 169 142 -0.684049 -0.249509 -0.113307 168 146 -0.684049 -0.249509 -0.113307 168 146
eff rake ocup 4 -0.649777 -0.148572 -0.113307 112 91 -1.78599 -0.924135 -0.113307 116 104 -1.8401 -0.998885 -0.113307 157 152 -1.87784 -0.862003 -0.113307 174 150 -1.87784 -0.862003 -0.113307 174 150
eff rake ocup 4 -0.619869 -0.165679 -0.113307 104 99 -0.775875 -0.24644 -0.113307 164 135 -0.785279 -0.240594 -0.113307 161 138 -0.756454 -0.229856 -0.113307 169 143 -0.756454 -0.229856 -0.113307 169 143
eff rake ocup 4 -0.608569 -0.168238 -0.113307 102 100 -0.697104 -0.158248 -0.113307 180 144 -0.686873 -0.158481 -0.113307 167 144 -0.724971 -0.221128 -0.113307 169 140 -0.724971 -0.221128 -0.113307 169 140
eff rake ocup 4 -0.638094 -0.15924 -0.113307 107 92 -0.710703 -0.153103 -0.113307 169 148 -0.71231 -0.15586 -0.113307 170 145 -0.728702 -0.157444 -0.113307 168 145 -0.728702 -0.157444 -0.113307 168 145
