eff stick ocup 3 -0.545578 -0.0407844 -0.113307 146 115 -0.517291 0.00886996 -0.113307 171 155 -0.518668 0.00188827 -0.113307 165 153 -0.509327 -0.0134295 -0.113307 165 156 -0.509327 -0.0134295 -0.113307 165 156
eff stick ocup 3 -0.559573 -0.0740574 -0.113307 135 111 -0.540016 -0.0595525 -0.113307 173 151 -0.563628 -0.0478963 -0.113307 168 147 -0.546148 -0.0735369 -0.113307 167 154 -0.546148 -0.0735369 -0.113307 167 154
eff stick ocup 3 -0.592531 -0.10885 -0.113307 123 103 -0.574168 -0.0835099 -0.113307 182 143 -0.589441 -0.107532 -0.113307 159 146 -0.571623 -0.0840721 -0.113307 177 151 -0.571623 -0.0840721 -0.113307 177 151
eff stick ocup 3 -0.607107 -0.0648137 -0.113307 138 100 -0.55889 -0.0675438 -0.113307 167 156 -0.574314 -0.0600969 -0.113307 169 149 -0.576632 -0.0591331 -0.113307 169 151 -0.576632 -0.0591331 -0.113307 169 151
eff stick ocup 3 -0.603104 -0.0976459 -0.113307 126 102 -0.60689 -0.0601471 -0.113307 168 149 -0.585284 -0.0466199 -0.113307 177 151 -0.599833 -0.0563031 -0.113307 168 148 -0.599833 -0.0563031 -0.113307 168 148
eff stick ocup 3 -0.637342 -0.0897059 -0.113307 130 94 -0.603968 -0.0718919 -0.113307 171 150 -0.595393 -0.0548082 -0.113307 178 146 -0.588825 -0.0725428 -0.113307 168 149 -0.588825 -0.0725428 -0.113307 168 149
eff stick ocup 3 -0.595051 -0.214946 -0.113307 85 103 -0.574602 -0.190947 -0.113307 168 149 -0.559255 -0.184921 -0.113307 168 154 -0.554154 -0.16249 -0.113307 182 148 -0.554154 -0.16249 -0.113307 182 148
eff stick ocup 3 -0.588685 -0.187009 -0.113307 95 103 -0.579906 -0.169928 -0.113307 176 149 -0.577642 -0.176998 -0.113307 172 149 -0.577725 -0.180868 -0.113307 170 149 -0.577725 -0.180868 -0.113307 170 149
eff stick ocup 3 -0.656575 -0.0357571 -0.113307 146 91 -0.56548 -0.00103753 -0.113307 161 156 -0.561023 0.0191007 -0.113307 174 153 -0.561172 0.0157395 -0.113307 173 151 -0.561172 0.0157395 -0.113307 173 151
eff stick ocup 3 -0.63738 0.0282697 -0.113307 168 95 -0.602468 0.0155641 -0.113307 169 153 -0.609005 0.0274435 -0.113307 171 148 -0.608931 0.0307339 -0.113307 173 146 -0.608931 0.0307339 -0.113307 173 146
