eff rake cylinder 3 -0.688336 -0.0632659 -0.113307 139 87 -0.576428 -0.0344676 -0.113307 167 152 -0.589859 -0.0386138 -0.113307 165 150 -0.58329 -0.0275204 -0.113307 166 150 -0.58329 -0.0275204 -0.113307 166 150
eff rake cylinder 3 -0.75939 -0.106133 -0.113307 126 73 -0.577758 -0.0838859 -0.113307 171 155 -0.584024 -0.0942827 -0.113307 165 152 -0.572644 -0.0921956 -0.113307 165 152 -0.572644 -0.0921956 -0.113307 165 152
eff rake cylinder 3 -0.781654 -0.0214642 -0.113307 151 69 -0.566141 -0.0732246 -0.113307 175 152 -0.587018 -0.0828199 -0.113307 166 148 -0.590449 -0.0789703 -0.113307 167 148 -0.590449 -0.0789703 -0.113307 167 148
eff rake cylinder 3 -0.76696 -0.0439268 -0.113307 146 71 -0.61593 0.0591028 -0.113307 167 141 -0.57009 0.0569572 -0.113307 173 153 -0.578285 0.0467888 -0.113307 168 151 -0.578285 0.0467888 -0.113307 168 151
eff rake cylinder 3 -0.781357 -0.0597195 -0.113307 141 69 -0.695021 -0.0455346 -0.113307 168 150 -0.691445 -0.045003 -0.113307 170 153 -0.66646 -0.0430996 -0.113307 172 149 -0.66646 -0.0430996 -0.113307 172 149
eff rake cylinder 3 -0.801282 -0.0501201 -0.113307 144 66 -0.638035 -0.0112167 -0.113307 173 148 -0.634373 -0.022814 -0.113307 165 153 -0.646474 -0.0431821 -0.113307 160 151 -0.646474 -0.0431821 -0.113307 160 151
eff rake cylinder 3 -0.6582 -0.058724 -0.113307 141 90 -0.522246 -0.01372 -0.113307 172 158 -0.538291 -0.0654234 -0.113307 162 154 -0.503993 -0.0232846 -0.113307 179 156 -0.503993 -0.0232846 -0.113307 179 156
eff rake cylinder 3 -0.72442 -0.0805123 -0.113307 135 78 -0.531534 -0.0341577 -0.113307 179 153 -0.524598 -0.0288009 -0.113307 175 149 -0.55811 -0.0412499 -0.113307 160 154 -0.55811 -0.0412499 -0.113307 160 154
eff rake cylinder 3 -0.639085 -0.0628922 -0.113307 139 95 -0.630941 0.0722333 -0.113307 179 142 -0.636872 -0.00312205 -0.113307 168 150 -0.616763 0.0463985 -0.113307 174 143 -0.616763 0.0463985 -0.113307 174 143
eff rake cylinder 3 -0.709981 -0.0482309 -0.113307 144 81 -0.598331 -0.0319759 -0.113307 161 146 -0.58585 -0.0355694 -0.113307 174 149 -0.572958 -0.0178154 -0.113307 174 147 -0.572958 -0.0178154 -0.113307 174 147
