eff stick cylinder 3 -0.647014 -0.0542869 -0.113307 143 93 -0.70212 -0.0505587 -0.113307 168 145 -0.675123 -0.0613784 -0.113307 169 146 -0.700117 -0.0553001 -0.113307 170 139 -0.700117 -0.0553001 -0.113307 170 139
eff stick cylinder 3 -0.734201 0.018292 -0.113307 163 77 -0.638421 -0.0153842 -0.113307 161 149 -0.630207 -0.00909254 -0.113307 162 151 -0.618994 -0.0193813 -0.113307 164 149 -0.618994 -0.0193813 -0.113307 164 149
eff stick cylinder 3 -0.703413 -0.0539953 -0.113307 141 82 -0.737486 -0.0718472 -0.113307 164 137 -0.719991 -0.0677787 -0.113307 170 147 -0.674609 -0.035831 -0.113307 180 153 -0.674609 -0.035831 -0.113307 180 153
eff stick cylinder 3 -0.664148 -9.28316e-06 -0.113307 159 89 -0.673267 0.0141313 -0.113307 172 139 -0.695913 0.0144364 -0.113307 173 136 -0.66336 -0.000792965 -0.113307 171 145 -0.66336 -0.000792965 -0.113307 171 145
eff stick cylinder 3 -0.585347 -0.119237 -0.113307 119 105 -0.457076 -0.162657 -0.113307 171 148 -0.453325 -0.159796 -0.113307 168 153 -0.457824 -0.167201 -0.113307 165 152 -0.457824 -0.167201 -0.113307 165 152
eff stick cylinder 3 -0.544669 -0.0203924 -0.113307 153 115 -0.578092 -0.0357459 -0.113307 161 152 -0.570328 -0.00633081 -0.113307 169 150 -0.571964 -0.0257761 -0.113307 167 152 -0.571964 -0.0257761 -0.113307 167 152
eff stick cylinder 3 -0.564147 0.00430788 -0.113307 162 110 -0.558547 -0.0201383 -0.113307 163 148 -0.539194 0.00683354 -0.113307 176 154 -0.543494 0.00490399 -0.113307 175 153 -0.543494 0.00490399 -0.113307 175 153
eff stick cylinder 3 -0.635706 -0.197535 -0.113307 94 94 -0.6153 -0.182655 -0.113307 163 152 -0.615856 -0.194693 -0.113307 167 156 -0.578254 -0.180351 -0.113307 171 158 -0.578254 -0.180351 -0.113307 171 158
eff stick cylinder 3 -0.63395 -0.132161 -0.113307 116 94 -0.608967 -0.109801 -0.113307 167 153 -0.610258 -0.0964076 -0.113307 166 153 -0.60905 -0.0813543 -0.113307 170 154 -0.60905 -0.0813543 -0.113307 170 154
eff stick cylinder 3 -0.577319 -0.0780059 -0.113307 133 108 -0.597868 -0.0716296 -0.113307 169 146 -0.5878 -0.0626228 -0.113307 170 150 -0.577517 -0.082348 -0.113307 161 150 -0.577517 -0.082348 -0.113307 161 150
