eff rake pear 4 -1.50567 0.145084 -0.113307 179 4 -0.480105 -0.110247 -0.113307 173 147 -0.468462 -0.103557 -0.113307 175 150 -0.485694 -0.113979 -0.113307 171 141 -0.485694 -0.113979 -0.113307 171 141
eff rake pear 4 -0.512983 -0.120232 -0.113307 116 123 -0.595169 -0.168702 -0.113307 168 138 -0.601609 -0.171432 -0.113307 167 138 -0.591888 -0.162552 -0.113307 170 139 -0.591888 -0.162552 -0.113307 170 139
eff rake pear 4 -0.608864 -0.0227346 -0.113307 152 100 -0.63405 -0.149148 -0.113307 176 142 -0.623254 -0.14429 -0.113307 177 149 -0.634 -0.17879 -0.113307 169 141 -0.634 -0.17879 -0.113307 169 141
eff rake pear 4 -0.593989 -0.177255 -0.113307 99 103 -0.606713 -0.281772 -0.113307 172 141 -0.591408 -0.273203 -0.113307 171 145 -0.621739 -0.279626 -0.113307 170 136 -0.621739 -0.279626 -0.113307 170 136
eff rake pear 4 -0.57266 -0.18784 -0.113307 93 109 -0.774257 -0.188932 -0.113307 65 47 -0.754251 -0.171314 -0.113307 71 51 -0.743715 -0.156285 -0.113307 76 53 -0.743715 -0.156285 -0.113307 76 53
eff rake pear 4 -0.539328 -0.177957 -0.113307 96 117 -0.63888 -0.263478 -0.113307 171 136 -0.626834 -0.251059 -0.113307 172 139 -0.620348 -0.255718 -0.113307 167 138 -0.620348 -0.255718 -0.113307 167 138
eff rake pear 4 -0.57549 -0.183409 -0.113307 96 106 -0.60793 -0.279331 -0.113307 170 136 -0.583452 -0.27216 -0.113307 170 142 -0.582836 -0.267449 -0.113307 173 143 -0.582836 -0.267449 -0.113307 173 143
eff rake pear 4 -0.596066 -0.0943917 -0.113307 128 105 -0.628652 -0.221891 -0.113307 170 143 -0.622779 -0.228541 -0.113307 167 143 -0.627781 -0.225835 -0.113307 170 141 -0.627781 -0.225835 -0.113307 170 141
eff rake pear 4 -0.584273 -0.00981733 -0.113307 157 106 -0.753316 -0.068795 -0.113307 169 135 -0.733246 -0.0464634 -0.113307 172 140 -0.740844 -0.056055 -0.113307 170 137 -0.740844 -0.056055 -0.113307 170 137
eff rake pear 4 -0.6162 -0.201547 -0.113307 92 97 -0.766845 -0.33571 -0.113307 171 131 -0.727689 -0.318999 -0.113307 169 140 -0.70535 -0.315241 -0.113307 167 142 -0.70535 -0.315241 -0.113307 167 142
