eff rake ycup 4 -0.585759 -0.143678 -0.113307 110 106 -0.766262 -0.177678 -0.113307 174 140 -0.739933 -0.189125 -0.113307 169 139 -0.728908 -0.177217 -0.113307 172 137 -0.728908 -0.177217 -0.113307 172 137
eff rake ycup 4 -0.58803 -0.0957195 -0.113307 127 106 -0.69398 -0.0127839 -0.113307 168 141 -0.682526 -0.0175168 -0.113307 166 146 -0.712461 -0.0316233 -0.113307 163 142 -0.712461 -0.0316233 -0.113307 163 142
eff rake ycup 4 -0.706855 -0.0458054 -0.113307 144 81 -0.875261 -0.0378728 -0.113307 167 146 -0.880497 -0.0368968 -0.113307 170 146 -0.913182 -0.0294502 -0.113307 172 144 -0.913182 -0.0294502 -0.113307 172 144
eff rake ycup 4 -0.601505 -0.152239 -0.113307 108 101 -0.666606 -0.22701 -0.113307 152 143 -0.731513 -0.2371 -0.113307 174 146 -0.622484 -0.192071 -0.113307 173 159 -0.622484 -0.192071 -0.113307 173 159
eff rake ycup 4 -0.610504 -0.162351 -0.113307 105 99 -0.705594 -0.140426 -0.113307 170 145 -0.731774 -0.135092 -0.113307 172 143 -0.722621 -0.153309 -0.113307 170 148 -0.722621 -0.153309 -0.113307 170 148
eff rake ycup 4 -0.628353 -0.151422 -0.113307 109 97 -0.796743 -0.171819 -0.113307 168 142 -0.759543 -0.172462 -0.113307 166 148 -0.764549 -0.168482 -0.113307 168 148 -0.764549 -0.168482 -0.113307 168 148
eff rake ycup 4 -0.624037 -0.13899 -0.113307 114 95 -0.666645 -0.26815 -0.113307 168 148 -0.664508 -0.258638 -0.113307 170 145 -0.676695 -0.258876 -0.113307 170 142 -0.676695 -0.258876 -0.113307 170 142
eff rake ycup 4 -0.617834 -0.129589 -0.113307 116 99 -0.745458 -0.0605885 -0.113307 171 145 -0.729759 -0.0686518 -0.113307 169 146 -0.735408 -0.0632165 -0.113307 167 144 -0.735408 -0.0632165 -0.113307 167 144
eff rake ycup 4 -0.640502 -0.148455 -0.113307 112 92 -0.728669 0.785428 -0.113307 284 41 -0.72283 0.752093 -0.113307 279 41 -0.642314 0.834054 -0.113307 305 55 -0.642314 0.834054 -0.113307 305 55
eff rake ycup 4 -0.680789 -0.181013 -0.113307 102 86 -0.806638 -0.122821 -0.113307 170 147 -0.774603 -0.121252 -0.113307 171 148 -0.776023 -0.12856 -0.113307 168 147 -0.776023 -0.12856 -0.113307 168 147
