eff stick apple 3 -0.925234 -0.589621 -0.113307 0 44 -0.547309 -0.204313 -0.113307 168 146 -0.54879 -0.200975 -0.113307 167 140 -0.547681 -0.19233 -0.113307 170 141 -0.547681 -0.19233 -0.113307 170 141
eff stick apple 3 -0.509888 -0.11222 -0.113307 119 125 -0.508663 -0.12972 -0.113307 161 148 -0.525608 -0.126495 -0.113307 168 144 -0.505235 -0.10493 -0.113307 172 149 -0.505235 -0.10493 -0.113307 172 149
eff stick apple 3 -0.687301 -0.0839272 -0.113307 131 89 -0.659035 -0.0506852 -0.113307 174 139 -0.657932 -0.0688215 -0.113307 167 145 -0.655719 -0.0590715 -0.113307 174 141 -0.655719 -0.0590715 -0.113307 174 141
eff stick apple 3 -0.691555 0.119595 -0.113307 194 87 -0.616636 0.100422 -0.113307 167 142 -0.591011 0.0969988 -0.113307 165 148 -0.607559 0.107057 -0.113307 168 138 -0.607559 0.107057 -0.113307 168 138
eff stick apple 3 -0.591131 -0.0289071 -0.113307 150 104 -0.572476 -0.0344512 -0.113307 166 145 -0.573289 -0.0345345 -0.113307 164 141 -0.583155 -0.0349751 -0.113307 164 140 -0.583155 -0.0349751 -0.113307 164 140
eff stick apple 3 -0.59984 -0.143322 -0.113307 112 102 -0.563051 -0.144879 -0.113307 167 144 -0.555072 -0.129347 -0.113307 175 145 -0.569183 -0.124093 -0.113307 170 141 -0.569183 -0.124093 -0.113307 170 141
eff stick apple 3 -0.616962 -0.152151 -0.113307 107 99 -0.50054 -0.114402 -0.113307 173 158 -0.548967 -0.141648 -0.113307 153 150 -0.520862 -0.110339 -0.113307 173 161 -0.520862 -0.110339 -0.113307 173 161
eff stick apple 3 -0.518409 0.0614509 -0.113307 183 122 -0.579514 0.0616277 -0.113307 176 142 -0.604653 0.0467553 -0.113307 166 136 -0.600443 0.0645079 -0.113307 171 141 -0.600443 0.0645079 -0.113307 171 141
eff stick apple 3 -0.547466 -0.114652 -0.113307 119 114 -0.526181 -0.100109 -0.113307 167 143 -0.533372 -0.0941143 -0.113307 170 143 -0.529908 -0.1006 -0.113307 169 144 -0.529908 -0.1006 -0.113307 169 144
eff stick apple 3 -0.599026 -0.110591 -0.113307 123 101 -0.586997 -0.0923259 -0.113307 166 141 -0.621631 -0.0818052 -0.113307 174 136 -0.616348 -0.0645764 -0.113307 178 138 -0.616348 -0.0645764 -0.113307 178 138
