eff stick apple 4 -0.543284 -0.147825 -0.113307 108 116 -0.665205 -0.180895 -0.113307 167 144 -0.659547 -0.16979 -0.113307 169 143 -0.675866 -0.175485 -0.113307 169 141 -0.675866 -0.175485 -0.113307 169 141
eff stick apple 4 -0.522363 -0.086462 -0.113307 129 120 -0.624615 -0.102757 -0.113307 172 144 -0.619929 -0.105786 -0.113307 172 148 -0.59856 -0.0974143 -0.113307 172 148 -0.59856 -0.0974143 -0.113307 172 148
eff stick apple 4 -0.502525 -0.125369 -0.113307 112 126 -0.519761 -0.155561 -0.113307 174 147 -0.525058 -0.147049 -0.113307 173 145 -0.520662 -0.146118 -0.113307 169 147 -0.520662 -0.146118 -0.113307 169 147
eff stick apple 4 -0.561567 -0.107043 -0.113307 123 110 -0.663934 -0.0900634 -0.113307 174 150 -0.682454 -0.103414 -0.113307 168 142 -0.68764 -0.114687 -0.113307 168 142 -0.68764 -0.114687 -0.113307 168 142
eff stick apple 4 -0.553465 -0.0956909 -0.113307 126 113 -0.52861 -0.137932 -0.113307 171 145 -0.547946 -0.141044 -0.113307 171 144 -0.54597 -0.134495 -0.113307 171 148 -0.54597 -0.134495 -0.113307 171 148
eff stick apple 4 -0.462111 -0.147255 -0.113307 103 137 -0.604017 -0.129337 -0.113307 172 143 -0.612671 -0.136901 -0.113307 167 145 -0.620422 -0.142601 -0.113307 170 145 -0.620422 -0.142601 -0.113307 170 145
eff stick apple 4 -0.511442 -0.113848 -0.113307 118 124 -0.560691 -0.145902 -0.113307 169 146 -0.5581 -0.148582 -0.113307 169 147 -0.566287 -0.145186 -0.113307 169 143 -0.566287 -0.145186 -0.113307 169 143
eff stick apple 4 -0.536648 -0.0730023 -0.113307 136 116 -0.556941 -0.112084 -0.113307 168 147 -0.570584 -0.107859 -0.113307 172 141 -0.575873 -0.109323 -0.113307 169 149 -0.575873 -0.109323 -0.113307 169 149
eff stick apple 4 -0.561845 -0.0895685 -0.113307 130 110 -0.56169 -0.13459 -0.113307 167 147 -0.561782 -0.142999 -0.113307 164 145 -0.58229 -0.13823 -0.113307 170 146 -0.58229 -0.13823 -0.113307 170 146
eff stick apple 4 -0.513987 -0.0783609 -0.113307 132 122 -0.416537 -0.128886 -0.113307 172 141 -0.40574 -0.128014 -0.113307 170 145 -0.404403 -0.137701 -0.113307 164 148 -0.404403 -0.137701 -0.113307 164 148
