eff rake ocup 3 -0.692136 -0.0437897 -0.113307 145 84 -0.521719 -0.0133046 -0.113307 173 155 -0.524048 -0.0136553 -0.113307 171 154 -0.520122 -0.0151934 -0.113307 171 154 -0.520122 -0.0151934 -0.113307 171 154
eff rake ocup 3 -0.667291 -0.104057 -0.113307 126 88 -0.429881 -0.117116 -0.113307 173 156 -0.446169 -0.118376 -0.113307 165 152 -0.432327 -0.120615 -0.113307 166 161 -0.432327 -0.120615 -0.113307 166 161
eff rake ocup 3 -0.56246 -0.152112 -0.113307 105 111 -0.415248 -0.099225 -0.113307 172 158 -0.420777 -0.0882386 -0.113307 172 154 -0.425923 -0.0997384 -0.113307 166 151 -0.425923 -0.0997384 -0.113307 166 151
eff rake ocup 3 -0.619182 -0.153216 -0.113307 108 98 -0.478833 -0.125647 -0.113307 166 152 -0.47703 -0.11588 -0.113307 171 154 -0.477312 -0.113476 -0.113307 170 153 -0.477312 -0.113476 -0.113307 170 153
eff rake ocup 3 -0.607288 -0.153818 -0.113307 107 100 -0.509271 -0.117373 -0.113307 166 153 -0.499703 -0.131768 -0.113307 167 156 -0.498716 -0.120494 -0.113307 174 151 -0.498716 -0.120494 -0.113307 174 151
eff rake ocup 3 -0.636576 -0.171662 -0.113307 104 92 -0.583154 -0.0739459 -0.113307 168 147 -0.580584 -0.08506 -0.113307 167 151 -0.580935 -0.0836868 -0.113307 169 151 -0.580935 -0.0836868 -0.113307 169 151
eff rake ocup 3 -0.693601 -0.130639 -0.113307 118 83 -0.582705 -0.117481 -0.113307 165 150 -0.574884 -0.133621 -0.113307 164 149 -0.557589 -0.126285 -0.113307 170 151 -0.557589 -0.126285 -0.113307 170 151
eff rake ocup 3 -0.619509 -0.107504 -0.113307 124 97 -0.510863 -0.112819 -0.113307 167 153 -0.495264 -0.115541 -0.113307 166 152 -0.5001 -0.111511 -0.113307 171 149 -0.5001 -0.111511 -0.113307 171 149
eff rake ocup 3 -0.595225 -0.120773 -0.113307 117 103 -0.500947 -0.109007 -0.113307 167 124 -0.500703 -0.111757 -0.113307 166 124 -0.49972 -0.113552 -0.113307 165 124 -0.49972 -0.113552 -0.113307 165 124
eff rake ocup 3 -0.672604 -0.136963 -0.113307 116 87 -0.576756 -0.135908 -0.113307 167 147 -0.55557 -0.142977 -0.113307 165 154 -0.56041 -0.131527 -0.113307 174 153 -0.56041 -0.131527 -0.113307 174 153
