eff rake apple 4 -0.609792 -0.0138571 -0.113307 155 101 -0.702481 -0.160992 -0.113307 167 142 -0.729796 -0.147567 -0.113307 169 141 -0.701542 -0.142635 -0.113307 170 148 -0.701542 -0.142635 -0.113307 170 148
eff rake apple 4 -0.608051 -0.0195435 -0.113307 154 101 -0.77603 -0.00390533 -0.113307 169 139 -0.840765 -0.0668988 -0.113307 165 131 -0.82885 -0.0520174 -0.113307 172 133 -0.82885 -0.0520174 -0.113307 172 133
eff rake apple 4 -0.683371 -0.0393054 -0.113307 146 87 -0.842284 -0.1299 -0.113307 168 138 -0.80087 -0.125156 -0.113307 170 138 -0.806194 -0.133748 -0.113307 167 141 -0.806194 -0.133748 -0.113307 167 141
eff rake apple 4 -0.685863 -0.0300573 -0.113307 149 85 -0.761448 -0.143215 -0.113307 170 138 -0.78063 -0.141659 -0.113307 169 135 -0.724205 -0.136812 -0.113307 170 142 -0.724205 -0.136812 -0.113307 170 142
eff rake apple 4 -0.698728 0.0157238 -0.113307 163 83 -0.477749 -0.170635 -0.113307 176 171 -0.493056 -0.136084 -0.113307 178 157 -0.578831 -0.158278 -0.113307 165 146 -0.578831 -0.158278 -0.113307 165 146
eff rake apple 4 -0.53099 -0.0308753 -0.113307 150 118 -0.650477 -0.150378 -0.113307 167 149 -0.635158 -0.141038 -0.113307 168 149 -0.647948 -0.143419 -0.113307 167 145 -0.647948 -0.143419 -0.113307 167 145
eff rake apple 4 -0.618802 -0.0280502 -0.113307 151 98 -0.763971 -0.146388 -0.113307 169 141 -0.736208 -0.157615 -0.113307 166 145 -0.749332 -0.147783 -0.113307 171 138 -0.749332 -0.147783 -0.113307 171 138
eff rake apple 4 -0.67489 0.0245701 -0.113307 168 88 -0.77155 -0.139582 -0.113307 165 143 -0.743171 -0.12913 -0.113307 171 152 -0.72718 -0.119754 -0.113307 166 148 -0.72718 -0.119754 -0.113307 166 148
eff rake apple 4 -0.45545 -0.0217463 -0.113307 154 139 -0.877907 -0.153002 -0.113307 167 141 -0.840928 -0.147576 -0.113307 169 144 -0.873093 -0.161614 -0.113307 167 138 -0.873093 -0.161614 -0.113307 167 138
eff rake apple 4 -0.731892 -0.00311409 -0.113307 156 77 -0.885481 -0.0892935 -0.113307 170 139 -0.885438 -0.102016 -0.113307 166 138 -0.892825 -0.090178 -0.113307 168 140 -0.892825 -0.090178 -0.113307 168 140
