eff rake sphere 4 -0.62413 -0.172162 -0.113307 103 96 -0.692323 -0.109799 -0.113307 101 61 -0.668258 -0.114873 -0.113307 99 66 -0.665403 -0.109306 -0.113307 101 67 -0.665403 -0.109306 -0.113307 101 67
eff rake sphere 4 -0.570887 0.0433778 -0.113307 175 109 -0.753964 -0.120277 -0.113307 171 143 -0.733621 -0.141748 -0.113307 160 146 -0.72378 -0.125702 -0.113307 174 144 -0.72378 -0.125702 -0.113307 174 144
eff rake sphere 4 -0.623015 -0.136393 -0.113307 114 97 -0.765704 -0.137895 -0.113307 156 136 -0.752905 -0.126812 -0.113307 169 144 -0.724563 -0.0986357 -0.113307 182 149 -0.724563 -0.0986357 -0.113307 182 149
eff rake sphere 4 -0.554955 -0.128535 -0.113307 114 113 -0.760451 -0.0723524 -0.113307 167 141 -0.767963 -0.0697878 -0.113307 169 141 -0.763143 -0.0705732 -0.113307 168 142 -0.763143 -0.0705732 -0.113307 168 142
eff rake sphere 4 -0.55267 -0.161999 -0.113307 103 111 -0.775111 -0.0962094 -0.113307 171 139 -0.797218 -0.0980153 -0.113307 168 136 -0.798944 -0.0917058 -0.113307 170 138 -0.798944 -0.0917058 -0.113307 170 138
eff rake sphere 4 -0.614222 -0.145353 -0.113307 111 98 -0.663552 -0.109931 -0.113307 171 152 -0.641104 -0.0996334 -0.113307 172 149 -0.63152 -0.0983007 -0.113307 170 149 -0.63152 -0.0983007 -0.113307 170 149
eff rake sphere 4 -0.587344 -0.128016 -0.113307 115 106 -0.850962 -0.173211 -0.113307 171 133 -0.849224 -0.166853 -0.113307 170 135 -0.826072 -0.169321 -0.113307 167 140 -0.826072 -0.169321 -0.113307 167 140
eff rake sphere 4 -0.620682 -0.0767251 -0.113307 134 97 -0.685213 -0.184027 -0.113307 172 137 -0.687618 -0.189743 -0.113307 168 140 -0.694963 -0.185424 -0.113307 169 144 -0.694963 -0.185424 -0.113307 169 144
eff rake sphere 4 -0.646839 -0.16023 -0.113307 106 91 -0.739942 -0.0678605 -0.113307 172 139 -0.690931 -0.0799523 -0.113307 165 152 -0.744937 -0.0791605 -0.113307 166 139 -0.744937 -0.0791605 -0.113307 166 139
eff rake sphere 4 -0.582094 -0.17967 -0.113307 97 107 -0.649448 -0.217698 -0.113307 146 161 -0.687281 -0.247551 -0.113307 159 167 -0.66562 -0.0600396 -0.113307 203 163 -0.66562 -0.0600396 -0.113307 203 163
