descMin ycup 1 0.856838 0.0728939 0.772423 0.84791 0.953476 0.581395 0.0563201 0.540662 0.846512 
descMin ycup 1 0.786948 0.0613684 0.547385 0.869512 0.869642 0.609756 0.0435403 0.515363 0.900488 
descMin ycup 1 0.95137 0.0695042 0.704759 0.790658 0.892188 0.510638 0.0444634 0.45569 0.770833 
descMin ycup 1 0.842176 0.0735544 0.780596 0.782305 0.943916 0.651163 0.0581572 0.595268 0.87417 
descMin ycup 1 0.93662 0.0737879 0.762388 0.799626 0.91266 0.52 0.0480217 0.462085 0.783077 
descMin ycup 1 0.942875 0.0708182 0.725478 0.812542 0.914307 0.531915 0.0523357 0.531533 0.874043 
descMin ycup 1 0.817287 0.0636385 0.595351 0.858099 0.944166 0.589744 0.050734 0.478426 0.878484 
descMin ycup 1 0.975 0.0692222 0.658362 0.847436 0.879925 0.536585 0.0462302 0.515243 0.868625 
descMin ycup 1 0.933458 0.0729698 0.739693 0.839074 0.928572 0.529412 0.0522084 0.507656 0.880901 
descMin ycup 1 0.768036 0.0614633 0.585867 0.876445 0.924064 0.605263 0.0487213 0.505773 0.852975 
descMin cube 1 0.772487 0.0688875 0.665144 0.794628 0.888168 0.594595 0.0469783 0.500371 0.752457 
descMin cube 1 0.809955 0.0616514 0.561965 0.946927 0.978994 0.65 0.0561378 0.510433 0.930769 
descMin cube 0.976402 0.852523 0.0540406 0.505811 0.697404 0.903052 0.647059 0.0475617 0.476453 0.847594 
descMin cube 1 0.659483 0.0569762 0.388025 0.703452 0.923833 0.689655 0.0490538 0.446406 0.761207 
descMin cube 1 0.905926 0.0655008 0.585519 0.88682 0.943187 0.564103 0.0511798 0.470303 0.859557 
descMin cube 1 0.883528 0.0678191 0.629964 0.847455 0.939655 0.578947 0.0507587 0.473343 0.817584 
descMin cube 1 0.918757 0.0647055 0.571958 0.874544 0.829575 0.545455 0.0387081 0.487078 0.81392 
descMin cube 0.993611 0.872483 0.0591938 0.481125 0.718995 0.871522 0.567568 0.0443695 0.480481 0.781853 
descMin cube 1 0.294358 0.0447009 0.273652 0.839858 0.94996 0.761905 0.0548387 0.534213 0.869048 
descMin cube 1 0.456209 0.0551514 0.420389 0.861807 0.915354 0.928571 0.0509861 0.558219 0.897665 
descMin ocup 1 0.818097 0.0727667 0.724153 0.858953 0.952934 0.657143 0.0579598 0.58206 0.89441 
descMin ocup 1 0.631579 0.0702506 0.591181 0.785224 0.937071 0.758621 0.0568533 0.614112 0.836207 
descMin ocup 1 0.838488 0.0731045 0.729843 0.844495 0.917118 0.609756 0.0535256 0.579473 0.816098 
descMin ocup 1 0.795552 0.0713575 0.714334 0.891712 0.926596 0.638889 0.0550943 0.598048 0.8907 
descMin ocup 1 0.893791 0.0667258 0.669447 0.824023 0.963032 0.583333 0.058402 0.570513 0.855159 
descMin ocup 1 0.944308 0.0606642 0.547987 0.815315 0.958481 0.526316 0.0513683 0.480225 0.85 
descMin ocup 0.989802 0.735756 0.0603158 0.551592 0.729537 0.942361 0.689655 0.0505729 0.422349 0.72931 
descMin ocup 0.989072 0.655405 0.0585427 0.546203 0.751718 0.914013 0.72 0.0492471 0.450385 0.762222 
descMin ocup 1 0.734785 0.0716158 0.703249 0.817239 0.896288 0.666667 0.0522065 0.592476 0.837408 
descMin ocup 1 0.836317 0.0744784 0.733604 0.776134 0.950912 0.604651 0.0564481 0.544089 0.837209 
descMin ocup 1 0.809045 0.067574 0.681837 0.804034 0.940102 0.609756 0.0567165 0.578215 0.858049 
descMin ocup 0.985347 0.566667 0.0531023 0.433298 0.680542 0.829779 0.791667 0.0360113 0.380587 0.593202 
descMin pear 1 0.668478 0.0679302 0.549771 0.760865 0.912773 0.6875 0.0561469 0.659848 0.84233 
descMin pear 1 0.898305 0.0731958 0.712725 0.770791 0.946122 0.53125 0.0500406 0.459853 0.755515 
descMin pear 1 0.685851 0.0677656 0.539422 0.745328 0.922689 0.685714 0.0555191 0.597794 0.805952 
descMin pear 1 0.764706 0.0694006 0.580921 0.761689 0.939623 0.625 0.057904 0.60081 0.822656 
descMin pear 1 0.952381 0.0748264 0.802721 0.819492 0.942896 0.515152 0.0542562 0.507714 0.827986 
descMin pear 1 0.616562 0.0673507 0.531074 0.77378 0.930663 0.733333 0.0574962 0.639223 0.865909 
descMin pear 1 0.839817 0.0722474 0.651463 0.787182 0.949821 0.580645 0.0520386 0.458819 0.774194 
descMin pear 1 0.794118 0.0709845 0.63205 0.775599 0.910811 0.612903 0.0478548 0.508503 0.720713 
descMin pear 1 0.625436 0.0669653 0.513974 0.758167 0.939316 0.741935 0.0598605 0.649993 0.858345 
descMin pear 1 0.681501 0.0678558 0.543585 0.745554 0.916774 0.69697 0.0558343 0.637049 0.847826 
descMin pear 1 0.735211 0.0707124 0.641991 0.776671 0.91534 0.645161 0.0541457 0.610921 0.81371 
descMin cylinder 1 0.68 0.0683326 0.680587 0.906723 0.929155 0.684211 0.0558859 0.602499 0.880567 
descMin cylinder 0.959407 0.937226 0.0489144 0.497408 0.677181 0.900545 0.6 0.042212 0.350464 0.661905 
descMin cylinder 1 0.752052 0.0667038 0.659492 0.877016 0.847094 0.657895 0.0438526 0.537242 0.850526 
descMin cylinder 1 0.943726 0.0622887 0.575913 0.941825 0.973485 0.525 0.0550085 0.516768 0.945238 
descMin cylinder 1 0.774319 0.0717338 0.722038 0.851788 0.954371 0.627907 0.0601432 0.631468 0.901809 
descMin cylinder 0.981492 0.963104 0.0570049 0.553729 0.731012 0.937252 0.526316 0.0528385 0.516908 0.854605 
descMin cylinder 0.992204 0.952005 0.0589653 0.524297 0.771976 0.943957 0.55814 0.0539957 0.507173 0.875484 
descMin cylinder 1 0.741935 0.0611834 0.540084 0.940393 0.939879 0.645161 0.0531817 0.5611 0.945161 
descMin cylinder 1 0.717523 0.071351 0.689516 0.881682 0.877909 0.657895 0.0493922 0.583398 0.834211 
descMin cylinder 1 0.872713 0.0645821 0.621158 0.921494 0.897247 0.552632 0.0482887 0.522504 0.894737 
descMin cylinder 0.966992 0.943182 0.054922 0.581698 0.726759 0.898474 0.548387 0.0438148 0.375887 0.742884 
descMin rake 0.920357 0.32488 0.0173726 0.133898 0.357993 0.79379 0.513776 0.0158487 0.180285 0.296587 
descMin rake 0.896857 0.296994 0.020858 0.16824 0.472353 0.694869 0.543847 0.0127934 0.210052 0.325578 
descMin rake 0.912346 0.322869 0.0196009 0.151103 0.398495 0.81059 0.501166 0.0163082 0.175294 0.294042 
descMin rake 0.89263 0.313914 0.0208539 0.163536 0.436054 0.731342 0.629325 0.014776 0.219329 0.325815 
descMin rake 0.924624 0.292656 0.0201696 0.151482 0.4392 0.762013 0.470916 0.0134354 0.1631 0.28768 
descMin rake 0.94203 0.305549 0.0203642 0.13727 0.393269 0.791394 0.391837 0.0147556 0.151874 0.326318 
descMin rake 0.908245 0.290657 0.0188953 0.141974 0.418211 0.701758 0.523536 0.0131552 0.209367 0.337898 
descMin rake 0.891608 0.351048 0.0206023 0.172701 0.415368 0.676448 0.582982 0.0130779 0.230451 0.329866 
descMin rake 0.948298 0.265635 0.0184364 0.118713 0.379201 0.764496 0.378401 0.013756 0.14924 0.328332 
descMin rake 0.91769 0.257506 0.0154729 0.111963 0.373161 0.686726 0.516269 0.0125177 0.20296 0.330558 
descMin stick 0.983005 0.330455 0.0366044 0.24977 0.632703 0.914029 0.688889 0.0304551 0.277843 0.45233 
descMin stick 0.990957 0.313932 0.0336108 0.199044 0.542165 0.894038 0.58 0.0264346 0.231337 0.444138 
descMin stick 1 0.294727 0.0361993 0.205237 0.598204 0.778733 0.545455 0.0224451 0.264374 0.514205 
descMin stick 1 0.254951 0.0319365 0.171034 0.562917 0.827406 0.511111 0.0239828 0.250396 0.497101 
descMin stick 1 0.206065 0.0260796 0.139883 0.568772 0.86168 0.381818 0.0213192 0.192818 0.470996 
descMin stick 0.988497 0.284926 0.0322336 0.188961 0.556625 0.88406 0.524215 0.0278835 0.253174 0.492012 
descMin stick 0.980527 0.304686 0.0362609 0.247818 0.684327 0.854049 0.659091 0.0263831 0.277325 0.467868 
descMin stick 0.988981 0.311481 0.0351267 0.213205 0.586171 0.902667 0.627907 0.0285191 0.243242 0.450043 
descMin stick 1 0.270345 0.0328667 0.18629 0.584259 0.898463 0.487805 0.0312718 0.273296 0.567073 
descMin stick 1 0.274401 0.0348244 0.20845 0.641601 0.849187 0.553191 0.0261881 0.2835 0.486498 
descMin stick 0.989347 0.334437 0.0366855 0.222132 0.580245 0.889087 0.619048 0.0290359 0.283535 0.493132 
descMin stick 0.987586 0.341293 0.0362621 0.217397 0.54211 0.831385 0.658537 0.0250696 0.269811 0.45122 
descMin stick 1 0.326953 0.0388297 0.228119 0.59497 0.781961 0.577778 0.0220093 0.254703 0.471795 
descMin sphere 1 0.990712 0.0751596 0.806296 0.802931 0.954027 0.512195 0.0542603 0.489732 0.835076 
descMin sphere 1 0.926829 0.0751342 0.778753 0.806703 0.911907 0.522727 0.0485245 0.496005 0.805336 
descMin sphere 1 0.916118 0.0750207 0.797334 0.808712 0.917506 0.525 0.0497166 0.511283 0.83631 
descMin sphere 1 0.932471 0.0750508 0.825645 0.817073 0.948691 0.540541 0.0543876 0.525956 0.848649 
descMin sphere 1 0.90953 0.0751666 0.801221 0.807298 0.921215 0.522727 0.0502171 0.501577 0.812253 
descMin sphere 1 0.914894 0.074724 0.758037 0.799109 0.978782 0.568182 0.0592475 0.539917 0.811818 
descMin sphere 1 0.945946 0.0751317 0.835454 0.806564 0.978559 0.526316 0.0573727 0.498361 0.802632 
descMin sphere 1 0.964578 0.0750888 0.80955 0.805393 0.929062 0.511628 0.0509539 0.502381 0.839852 
descMin sphere 1 0.996337 0.0749752 0.816895 0.813789 0.8961 0.5 0.0465859 0.455733 0.8108 
descMin sphere 1 0.923841 0.0750322 0.782334 0.816501 0.968809 0.512821 0.0560011 0.493335 0.814744 
descMin sphere 1 0.941176 0.0751116 0.821676 0.825124 0.923566 0.512195 0.05059 0.511799 0.882114 
descMin apple 1 0.964602 0.0747971 0.800764 0.821174 0.916405 0.5 0.0490362 0.464601 0.774238 
descMin apple 1 0.997788 0.0751949 0.808902 0.806786 0.943953 0.5 0.0515117 0.473997 0.81856 
descMin apple 1 0.973214 0.0747516 0.766633 0.807109 0.959406 0.513514 0.0554504 0.489883 0.815789 
descMin apple 1 1 0.0748186 0.827166 0.796671 0.980337 0.533333 0.0595716 0.535202 0.859375 
descMin apple 1 0.985366 0.0746724 0.779728 0.838566 0.96648 0.484848 0.0543488 0.479004 0.867424 
descMin apple 1 0.921348 0.0750142 0.821541 0.834629 0.93084 0.53125 0.0524647 0.512328 0.831801 
descMin apple 1 0.994845 0.0743081 0.76398 0.798188 0.928487 0.515152 0.0501348 0.492318 0.81016 
descMin apple 1 0.853659 0.074297 0.766255 0.816135 0.876489 0.5625 0.0443212 0.491747 0.776042 
descMin apple 1 0.930693 0.0748322 0.772127 0.790664 0.972847 0.53125 0.0558046 0.509112 0.827206 
descMin apple 1 0.989873 0.0749758 0.818422 0.836751 0.957187 0.5 0.0546358 0.479494 0.827148 
