eff rake cube 4 -0.576369 -0.0895292 -0.113307 129 108 -0.727946 -0.132222 -0.113307 169 139 -0.762278 -0.140853 -0.113307 169 135 -0.746531 -0.125554 -0.113307 170 141 -0.746531 -0.125554 -0.113307 170 141
eff rake cube 4 -0.586923 -0.0712806 -0.113307 135 105 -0.73138 -0.145047 -0.113307 170 140 -0.735938 -0.139715 -0.113307 172 140 -0.730931 -0.145492 -0.113307 171 138 -0.730931 -0.145492 -0.113307 171 138
eff rake cube 4 -0.57906 -0.11488 -0.113307 120 107 -0.712876 -0.148347 -0.113307 167 148 -0.722694 -0.146689 -0.113307 168 143 -0.739001 -0.13892 -0.113307 170 144 -0.739001 -0.13892 -0.113307 170 144
eff rake cube 4 -0.535391 -0.118019 -0.113307 117 116 -0.656846 -0.18545 -0.113307 169 140 -0.662189 -0.179462 -0.113307 172 142 -0.648931 -0.189253 -0.113307 168 140 -0.648931 -0.189253 -0.113307 168 140
eff rake cube 4 -0.60315 -0.173867 -0.113307 100 102 -0.724106 -0.216128 -0.113307 169 134 -0.745095 -0.211915 -0.113307 171 137 -0.722345 -0.212395 -0.113307 167 140 -0.722345 -0.212395 -0.113307 167 140
eff rake cube 4 -0.581433 -0.0926021 -0.113307 129 107 -0.693919 -0.171467 -0.113307 171 140 -0.691009 -0.15764 -0.113307 171 141 -0.687671 -0.176028 -0.113307 165 139 -0.687671 -0.176028 -0.113307 165 139
eff rake cube 4 -0.559391 -0.138578 -0.113307 111 110 -0.680069 -0.169099 -0.113307 171 136 -0.683523 -0.172058 -0.113307 166 140 -0.679063 -0.176514 -0.113307 166 144 -0.679063 -0.176514 -0.113307 166 144
eff rake cube 4 -0.58965 -0.090405 -0.113307 128 104 -0.748507 -0.139729 -0.113307 170 141 -0.747679 -0.143698 -0.113307 169 141 -0.747129 -0.141385 -0.113307 168 137 -0.747129 -0.141385 -0.113307 168 137
eff rake cube 4 -0.609053 -0.138001 -0.113307 113 100 -0.662122 -0.238522 -0.113307 171 143 -0.664473 -0.23443 -0.113307 170 144 -0.650527 -0.230819 -0.113307 170 150 -0.650527 -0.230819 -0.113307 170 150
eff rake cube 4 -0.617698 -0.0673223 -0.113307 137 98 -0.748151 -0.161532 -0.113307 165 131 -0.733262 -0.148749 -0.113307 169 139 -0.750636 -0.145018 -0.113307 171 134 -0.750636 -0.145018 -0.113307 171 134

